baseMean	log2FoldChange	lfcSE	stat	pvalue	padj
MSTRG.18697	525.709203825987	3.19946723939934	0.219636003530073	14.5671346590554	4.54560507801358e-48	1.33358961778762e-43
MSTRG.27587	199.353153235043	3.32915628796938	0.267912785083724	12.426268820762	1.8821623249783e-35	2.76094391451066e-31
MSTRG.22309	3.38130954844611	-29.999259164265	2.74616884386646	-10.9240403157541	8.84706575477761e-28	8.65184050378885e-24
gene22312|LOC111133547	3.39265496118166	-29.999743493151	2.95681397434899	-10.1459691929913	3.45333333558858e-24	2.53284733498745e-20
MSTRG.34573|LOC111105220	3.4829147878386	-29.2167740838593	3.02123870532654	-9.67046199704418	4.02556660920282e-22	2.36204146361585e-18
MSTRG.21387	12.9218151127205	19.846843513782	2.12061196851187	9.35901702361389	8.04819381084627e-21	3.9352985003768e-17
MSTRG.32433|LOC111104333	8.7102031735082	-23.4080502625054	2.5588272729646	-9.14796028236223	5.80186211320953e-20	2.43164329539059e-16
MSTRG.29485|LOC111100923	5.47303032004561	-29.9888755086039	3.34726429982387	-8.95921947668782	3.26984717828373e-19	1.1991347064561e-15
MSTRG.27179|LOC111136691	4.26244703450838	-29.9988263798659	3.4286583787063	-8.74943580444577	2.14422064572615e-18	6.98968281159043e-15
MSTRG.3386	341.29706914975	2.42147633781481	0.290279610242841	8.34187539313926	7.31214832237556e-17	2.14523807481854e-13
MSTRG.2296	45.902857762425	-25.6967156275404	3.13778292446573	-8.18944976313675	2.6242313483345e-16	6.99906357249431e-13
MSTRG.6002|LOC111121152	5.33692638699464	-19.1484606340956	2.41333421249615	-7.93444212365848	2.11443594200377e-15	5.16944347220887e-12
MSTRG.37447	3545.30448070147	1.86934369914184	0.23691513355699	7.89035158318483	3.01336389008027e-15	6.80046690824422e-12
MSTRG.14261|LOC111124327	2.68341742432693	-28.9152877932484	3.71168017167904	-7.79035004521095	6.68238045198155e-15	1.31698483863892e-11
MSTRG.25950|LOC111138393	1.92174360317834	-29.9959673940188	3.85087653545791	-7.78938694030396	6.73351032094343e-15	1.31698483863892e-11
MSTRG.25487	19.6628290172231	-25.0354466775781	3.25306281489721	-7.69596165279372	1.40433926394586e-14	2.57503158285273e-11
MSTRG.26617|LOC111138424	3.11602621487952	-20.5045325858306	2.67435336990997	-7.6670992010756	1.75929712968994e-14	3.03613289357902e-11
MSTRG.27048|LOC111136074	2.82585211593721	-19.5801074620358	2.55704407529377	-7.65732106506075	1.8985159100322e-14	3.09436998714026e-11
MSTRG.17608|LOC111131096	3.12429977542227	-28.3059193074426	3.71299614044405	-7.62347124445366	2.46943330111077e-14	3.81306495726251e-11
gene38841|LOC111117717	2.48128597154159	-27.4372937826328	3.64576441249811	-7.52579999096335	5.23984988315153e-14	7.68633579359498e-11
MSTRG.4928	8.09632010399263	17.6787249634073	2.36662507661992	7.47001505986599	8.0185643410409e-14	1.06931200289754e-10
MSTRG.19895|LOC111129350	2.38319328014514	-29.4157556184887	3.93623635351233	-7.47306639557881	7.83472904470333e-14	1.06931200289754e-10
MSTRG.15942	6.03889542423952	18.7882554257013	2.54150634106123	7.39256681053804	1.44021092019623e-13	1.83708295550943e-10
MSTRG.1489|LOC111114407	4.42601944148361	-21.3906588780825	2.91026953871913	-7.35006108317272	1.9811629688376e-13	2.4218066324899e-10
MSTRG.30409|LOC111102022	5.47939527243331	-24.3624402550085	3.33880502450519	-7.2967544005116	2.94792184514586e-13	3.45944524371558e-10
MSTRG.38291	19.917431702378	15.1283326740789	2.08008227629906	7.27294917439307	3.51722685404371e-13	3.96878467092055e-10
MSTRG.27913|LOC111136674	4.6087848588031	-28.2725067526091	4.01571095513973	-7.04047354713689	1.9158758111646e-12	2.08177646473878e-09
MSTRG.40596	5.34511874652862	21.2452538453167	3.09675908208369	6.86048003160181	6.8629536963309e-12	7.19090484081985e-09
MSTRG.42711	3.09589076568764	-25.0299984554931	3.68053758731458	-6.80063655422567	1.04157889158376e-11	1.05371867314774e-08
MSTRG.8010	207.52215006512	-2.35708826716293	0.351818632485146	-6.69972551059372	2.08811394774664e-11	2.04203623329969e-08
MSTRG.18840|LOC111129124	2.85221615192276	-29.9838410844114	4.48375195875336	-6.68722118445374	2.27447985245807e-11	2.15253838423919e-08
MSTRG.21867|LOC111099083	29.6993272611647	-20.569049160921	3.08944453875196	-6.65784703460975	2.77867739313832e-11	2.54752616749663e-08
MSTRG.20796	1175.29806139097	-1.14097632915717	0.171684978018933	-6.6457551634561	3.01666357493961e-11	2.68190533216903e-08
gene19548|LOC111134032	3.02204502190597	-25.7545098105352	3.88407473104064	-6.63079667461366	3.33879883444276e-11	2.88099059426123e-08
MSTRG.43385|LOC111116840	3.86392272646568	-17.993210369374	2.72984095500908	-6.59130354695488	4.35981450916095e-11	3.61385144725287e-08
MSTRG.11412|LOC111126786	74.2948560323908	20.6568015338464	3.13514693560176	6.58878258600073	4.43447583683629e-11	3.61385144725287e-08
MSTRG.16801|LOC111129488	5.26010646160928	19.423941179279	2.97083743649507	6.53820398944311	6.22619669047858e-11	4.93686914879082e-08
MSTRG.11095	5.62947098536889	-19.7873003055192	3.03213880514304	-6.52585570025898	6.76143921470673e-11	5.22018693897542e-08
MSTRG.2754|LOC111114501	13.7836007785676	-30	4.61047120028281	-6.50692710067461	7.67036107081567e-11	5.25288293373142e-08
MSTRG.16748|LOC111128481	34.9096531788236	-30	4.60990038018885	-6.50773281976454	7.62934540600938e-11	5.25288293373142e-08
MSTRG.16449|LOC111130590	8.61792778541758	-29.9975495958782	4.61049180382409	-6.50636653794661	7.69902400131063e-11	5.25288293373142e-08
MSTRG.34320|LOC111104695	4.32191749789253	22.3556336047762	3.4335569969049	6.51092544114695	7.46892118213201e-11	5.25288293373142e-08
MSTRG.22907|LOC111133341	63.4765139388777	-30	4.60941786222589	-6.50841405502624	7.59483406588602e-11	5.25288293373142e-08
MSTRG.37129|LOC111108506	1.90607190971847	-29.9987359548707	4.61460194134959	-6.50082852998958	7.98788392061863e-11	5.32610314688885e-08
MSTRG.24235|LOC111135738	8.05555175262721	-29.9215838972473	4.61069893307331	-6.48959828684862	8.60655447438399e-11	5.61109100376617e-08
MSTRG.1052	5.73687641693915	-19.6973277273554	3.0378503805649	-6.48396901090719	8.93405795440075e-11	5.69798678839585e-08
MSTRG.25092|LOC111136467	1.95861679402463	-29.9910378950251	4.63791274064298	-6.46649464363732	1.00302380960227e-10	6.26100266513007e-08
MSTRG.25030	2.98528230510869	-29.2055189251836	4.52107074121426	-6.45986771650018	1.04794546218056e-10	6.40512999363609e-08
MSTRG.11416|LOC111122785	12.106400761983	-29.7148685153131	4.61077072269172	-6.44466409250683	1.15856724772105e-10	6.93674406400817e-08
MSTRG.21750|LOC111135166	2.77718644740016	-29.2133075151367	4.53587502735017	-6.44050097037239	1.19079794395918e-10	6.98712601597489e-08
MSTRG.25547	42.0803160374202	-29.9868393345447	4.660105206051	-6.43479878857836	1.23637002430215e-10	7.11227917117186e-08
MSTRG.42709|LOC111111003	2.56656695467173	-29.4433543693998	4.59257408079655	-6.41107880927052	1.44493473450249e-10	8.15221062323732e-08
MSTRG.17708|LOC111127826	2.8895432802065	-29.4347979235066	4.61269892009747	-6.38125280521986	1.75645068369442e-10	9.72278304872203e-08
MSTRG.34589	3.37566101950205	-27.7968249954799	4.36009897221931	-6.37527385790767	1.82636298633607e-10	9.92256246169033e-08
gene26669|LOC111103029	1.37572614454229	-29.3283222061308	4.61556531422574	-6.35422103457995	2.09485435222094e-10	1.1174333997356e-07
MSTRG.20370|LOC111128116	6.05107826655922	-20.068446005886	3.18066045034475	-6.3095216604183	2.79899193481926e-10	1.46637188185228e-07
MSTRG.11903|LOC111125858	6.43714654817112	-22.8430256509611	3.67367565206731	-6.21803006427813	5.03435117289175e-10	2.59118938088242e-07
MSTRG.16288	59.0990710172058	2.68908435347024	0.434858367506563	6.18381651223409	6.2570091726526e-10	3.16496784667727e-07
MSTRG.42679	6.19482036421221	-20.561607150851	3.33855139658114	-6.15884097872725	7.3279262888128e-10	3.64384239764729e-07
MSTRG.13631	1597.1945236547	0.71235698311845	0.115834215460408	6.14979762488169	7.75818741852569e-10	3.79349504141178e-07
MSTRG.11231|LOC111127402	2.64745097916296	-19.147541078738	3.11808633474303	-6.14079888211818	8.21074869983393e-10	3.94896631730701e-07
MSTRG.8685|LOC111119740	22.108020946898	-28.2044815097194	4.60976090331327	-6.11842611824995	9.45040792727897e-10	4.47187206081468e-07
MSTRG.2406|LOC111128139	21.5948173856713	-25.8797088484282	4.24257177224085	-6.10000495872789	1.06065174811717e-09	4.93926999781931e-07
MSTRG.11054	326.581071420884	2.27825581482496	0.374585796754264	6.08206673762258	1.18643161508096e-09	5.43867667550707e-07
MSTRG.2032|LOC111138213	17.6380022498138	-28.0092267260039	4.62563895611646	-6.05521247804425	1.40232439399409e-09	6.32944508784594e-07
MSTRG.7016|LOC111120618	5.13822486477825	-21.4594734120251	3.57864073704111	-5.99654309802782	2.01562134261425e-09	8.95974226509347e-07
MSTRG.40791|LOC111112119	2.98801791401193	-22.3882635846294	3.73823641997723	-5.98899081529087	2.11147085899252e-09	9.24572120315264e-07
MSTRG.16923	3.67227085105213	19.3921747625309	3.24657410197039	5.97311940323848	2.32759410408012e-09	1.00421993861033e-06
MSTRG.29546|LOC111100704	3.91964781045773	-18.8391112362002	3.1609549927827	-5.95994289042865	2.52326100293768e-09	1.07286132324907e-06
MSTRG.9830|LOC111122265	2.28448322822612	-22.6229563889221	3.80650618314489	-5.94323384764118	2.79453323712753e-09	1.17122880158354e-06
MSTRG.38162	7.04754995104713	18.5928072386038	3.16489275382036	5.87470372136948	4.23600260983153e-09	1.75036400798926e-06
MSTRG.6179|LOC111120947	3.3316245276028	-21.2141617038765	3.61457087533163	-5.86906784665834	4.38252083513288e-09	1.78575550362678e-06
MSTRG.21866|LOC111099082	3.56741082412028	17.6789206534021	3.03087739090494	5.83293824634842	5.44597279579326e-09	2.18868424497236e-06
MSTRG.25218|LOC111133243	4.58287428940866	20.4383767308301	3.51052957776337	5.82202094529902	5.81402608044123e-09	2.30502563713493e-06
MSTRG.16523	1806.11718197022	-0.746490930089503	0.129301147712217	-5.77327381309061	7.77459477108497e-09	3.04121415192121e-06
MSTRG.28461|LOC111134936	3.35425811120257	24.594781714254	4.27236872277018	5.75670858724639	8.57697846627837e-09	3.31093939794309e-06
gene37876|LOC111111543	3.34942771730103	-19.615104904005	3.41472027498286	-5.74427868886083	9.2313642795895e-09	3.51726967837139e-06
MSTRG.36134|LOC111107259	2491.326077212	-26.1921155274976	4.56213172516683	-5.74120106681923	9.40073902476233e-09	3.51742314822529e-06
MSTRG.872|LOC111107343	10.2131015891759	-26.6840187825075	4.65056646326767	-5.73779968381708	9.59144631051958e-09	3.51742314822529e-06
MSTRG.28156|LOC111136144	2.73695888880548	16.4138031152873	2.86050710628006	5.73807458099013	9.57589484080268e-09	3.51742314822529e-06
MSTRG.957	107.673761530042	-1.48950972244293	0.261163430332299	-5.70336252877254	1.17466779998246e-08	4.25461776739327e-06
MSTRG.6325|LOC111119910	2.9068137374981	-26.0602101543604	4.57473119318014	-5.69655550324138	1.22252105010737e-08	4.3212436828976e-06
MSTRG.6173|LOC111120821	3.01415954111027	-22.1043939596155	3.8790197127657	-5.69844847317244	1.20902662528942e-08	4.3212436828976e-06
MSTRG.38015	5777.71795518129	-1.38916043589075	0.24412802551762	-5.690294807183	1.26820226078891e-08	4.42934737226487e-06
MSTRG.31610|LOC111100365	2.24382122611216	-22.0447849709112	3.95834189083471	-5.56919679473735	2.55916309703018e-08	8.83302669890252e-06
MSTRG.19033|LOC111128823	4.29236291249574	16.588981303904	2.99786978241232	5.53358968465777	3.13742442946933e-08	1.07029951060199e-05
MSTRG.8442	234.597658080629	1.42742096744768	0.258211734756373	5.52810262010158	3.23712688984608e-08	1.09161872062419e-05
MSTRG.7191	432.768058869136	-1.72744028155465	0.313349431311574	-5.51282405180751	3.53121206092079e-08	1.16403033082353e-05
gene39245|LOC111117720	2.10332964135936	-18.8162962020649	3.41315629668737	-5.51287270973409	3.53023557973259e-08	1.16403033082353e-05
gene34019|LOC111111416	1.85784402635045	-21.8002563637183	3.97211446400733	-5.48832531420173	4.05762268778878e-08	1.32269482682608e-05
MSTRG.30180|LOC111101554	4.60275686024802	17.5284734185273	3.1978465646011	5.48133660087402	4.22124482488045e-08	1.36091077661915e-05
MSTRG.27640|LOC111135224	2.58641285731193	-18.0476080944974	3.301207191441	-5.4669722461799	4.57787697232361e-08	1.45984515884815e-05
MSTRG.22503|LOC111133859	2.33641503321543	17.4603743967598	3.22097109378582	5.42084169288133	5.931907334105e-08	1.87129352008573e-05
MSTRG.3845	504.860814766814	-1.62638015634179	0.301355260680531	-5.39688656062962	6.78072288393997e-08	2.11630689328756e-05
MSTRG.35515|LOC111108105	2.99505926647454	-20.9658976134436	3.89417543796489	-5.38391193397299	7.28841734254793e-08	2.25081671574391e-05
MSTRG.1749|LOC111105971	3.68602964996933	-21.3389245326679	4.00558261159591	-5.32729607695345	9.96855975023201e-08	3.04643339533653e-05
MSTRG.4713|LOC111132409	23.2300592326418	6.12128169615153	1.16167380293039	5.26936363780455	1.36897525194588e-07	4.14051504552457e-05
MSTRG.21637|LOC111134024	30.7426988198153	24.1883907386706	4.60978081230889	5.2471889062672	1.54437523299055e-07	4.62335516178334e-05
MSTRG.11286|LOC111125036	54.7803760433829	4.7720176929436	0.91278236529744	5.22799067375561	1.71362152407711e-07	5.0782048760984e-05
MSTRG.31902|LOC111100045	3.90275601422246	18.6167903132615	3.57475174189581	5.20785544212041	1.91035656865851e-07	5.60460410113033e-05
MSTRG.29149|LOC111132885	3.31893363404294	-22.2243999635366	4.28556028333812	-5.18587967364339	2.14997595291816e-07	6.24514797096167e-05
MSTRG.31968|LOC111101435	2.35561467206642	-20.1898243682564	3.89688084757872	-5.18102173454984	2.20673774512505e-07	6.34718352612535e-05
MSTRG.20369|LOC111131359	3.78811589838944	18.4804715103665	3.58218014325589	5.15900115887788	2.48270774549366e-07	7.07161940167894e-05
MSTRG.37841	77.3900325589812	2.05831759046304	0.39990826914636	5.14697431702701	2.64721554093531e-07	7.46769322499618e-05
MSTRG.18668	440.448919677942	-1.87732994350492	0.364991126904147	-5.14349474582689	2.6967419986043e-07	7.53495397667172e-05
MSTRG.23247|LOC111132265	3.30885723635826	16.7260776077461	3.2533674484589	5.14115846818016	2.73049628898961e-07	7.55729246475256e-05
MSTRG.36870	507.130038833681	-1.46145921536429	0.28452905703432	-5.13641464459642	2.80029447068023e-07	7.67804104493613e-05
MSTRG.18688	662.37834838847	-1.30312739910497	0.254440046920873	-5.12154990880905	3.03034508756941e-07	8.23187631288069e-05
MSTRG.3957	169.147805502249	2.65919458690015	0.519776590493309	5.11603376438397	3.12027228802636e-07	8.39839893450617e-05
MSTRG.8443	253.221760383835	0.960085437247093	0.187745481401788	5.11376055540024	3.1580763183905e-07	8.4228766389946e-05
MSTRG.24715|LOC111133459	2.22172991187658	23.5630335188435	4.61525525045334	5.10546703056758	3.29978519217008e-07	8.72154035746718e-05
MSTRG.20607|LOC111130045	9.46388352655635	-23.5016963253215	4.61005195293844	-5.09792439765057	3.43397903709655e-07	8.99518544556595e-05
MSTRG.4196|LOC111104643	9.48447941046806	-23.4599032615712	4.61017589277982	-5.08872195056867	3.60484702588726e-07	9.35920372083899e-05
MSTRG.22091	816.914603100252	1.68216590847204	0.332742722011664	5.05545515256401	4.29365521364616e-07	0.000110497593559606
MSTRG.26757|LOC111133171	1.85534263894197	-20.2205857165467	4.00837125240863	-5.04458904708392	4.54497133422769e-07	0.000115948146959628
MSTRG.8644	1553.13597664104	-0.865749607373083	0.171772573093529	-5.04009220902623	4.65307599826595e-07	0.000117682710032006
MSTRG.2886|LOC111104049	1.74183181189041	23.166955278254	4.61342888525979	5.02163485217556	5.12335137994497e-07	0.000127380409139683
MSTRG.33771	3.52940816737555	16.6632510559732	3.3177229466036	5.02249624943264	5.10041935602221e-07	0.000127380409139683
MSTRG.34614|LOC111104000	3.24261769179514	21.6148970188173	4.30593572725893	5.01979090908933	5.17277532741443e-07	0.000127528472735869
MSTRG.26230|LOC111136515	3.55443690620188	17.139915305982	3.41779476842897	5.01490477553178	5.30597375687173e-07	0.000129722215065919
MSTRG.1858|LOC111115675	18.7235101058819	22.8027329497543	4.61015491503466	4.94619668319385	7.56774973767949e-07	0.00018348978661491
MSTRG.35525|LOC111110409	1.67076195541546	22.7463134801114	4.61600616087909	4.92770431566744	8.32014009000698e-07	0.000200078909803791
MSTRG.37852|LOC111108308	1.66284876073072	-22.9065877825714	4.66160397872094	-4.91388541093028	8.92889486568667e-07	0.000212972290706923
MSTRG.37446|LOC111106006	103.139196168701	2.09839884156457	0.430129938665655	4.87852309949454	1.06883148127862e-06	0.000252882080627034
MSTRG.8213	2921.08574284707	-0.664175575152497	0.137024769268098	-4.84712055127049	1.25266315182094e-06	0.000294005052384983
MSTRG.5516|LOC111121202	4.75729226738627	21.1227645413474	4.36746840818647	4.83638633807963	1.32220821085113e-06	0.00030786463880913
MSTRG.38249|LOC111109634	2.81028901240345	-22.5323940826211	4.66045149617061	-4.83480926711403	1.33273357290091e-06	0.000307871949305251
MSTRG.25243	760.538256996283	-0.66573889683827	0.13784022830787	-4.82978666685986	1.36679408315553e-06	0.000313273475090758
MSTRG.24321|LOC111133477	1.74552583981992	22.2879894439596	4.6169735894053	4.82740241250341	1.38325433200017e-06	0.000314588492962954
MSTRG.6969|LOC111118913	1.77175280858723	18.06840741013	3.76271790223796	4.8019564260673	1.57122888782543e-06	0.000354590100854019
MSTRG.24378|LOC111136199	14.10619373513	-22.3192563391553	4.66064778429345	-4.78887428789876	1.67719502995942e-06	0.000375614868617935
MSTRG.38301|LOC111110469	3.30219790816107	14.8465828847642	3.10564499818122	4.7805151243812	1.74846603584758e-06	0.000388609822421943
MSTRG.27977|LOC111134126	3.69056633597304	-18.7785677613374	3.93115663007115	-4.7768556504953	1.78057495232516e-06	0.000392770736476056
MSTRG.2084	1175.11163542893	-0.774623361539692	0.16254121642008	-4.76570422321509	1.88195165980143e-06	0.000412035058173541
gene10520|LOC111127524	2.90514643922279	-16.906641836874	3.55361096316885	-4.75759502435739	1.9591304049616e-06	0.00042575531719084
MSTRG.19867	371.242655608913	-1.02341283792451	0.215220078984635	-4.75519218630886	1.98257722551691e-06	0.000427682725310404
MSTRG.29502|LOC111100646	3.96735795172679	-21.9059079287581	4.61164743771319	-4.75012633221171	2.03289608878822e-06	0.000430787059725962
MSTRG.27564|LOC111132569	17.9508995214974	21.8903236596955	4.61015616111697	4.74828246477268	2.05151385475391e-06	0.000430787059725962
MSTRG.33049|LOC111104030	2.69121998093254	17.2977797660091	3.64547562954349	4.74499942499278	2.08506927810643e-06	0.000430787059725962
MSTRG.5194	181.342177594034	1.26939610244331	0.267432843029865	4.74659764321301	2.06866882391299e-06	0.000430787059725962
gene38408|LOC111117894	1.91955654733938	-22.1255733334595	4.66167718259809	-4.74626887851729	2.07203235707455e-06	0.000430787059725962
MSTRG.1935	12.7931741865951	6.51574798977579	1.37303694070958	4.74550086497198	2.07991024798826e-06	0.000430787059725962
MSTRG.37551	1087.86185417682	-1.25561632641316	0.265251309475217	-4.73368568433205	2.20479071831165e-06	0.000452336713942848
MSTRG.5266	606.432423721673	-4.20201706524511	0.888411841188941	-4.72980758520918	2.24732730708932e-06	0.000457861725940184
MSTRG.27930	54.6085688844762	-1.94011978609001	0.411389804228798	-4.71601329480445	2.40510726262939e-06	0.0004866278404898
MSTRG.1289|LOC111119622	105.313076781338	-1.69425443724526	0.360196789404446	-4.70369111297898	2.55499706310907e-06	0.000513414409845848
gene3588|LOC111100870	1.92732771477399	-21.6989016870019	4.61496593654275	-4.70185522176517	2.57808278848986e-06	0.000514529203052487
MSTRG.5399	502.60972588575	-4.36104408242284	0.932661832277796	-4.67591138770209	2.92650963905082e-06	0.000577811311412244
MSTRG.43190|LOC111117287	3.01100526047259	16.1504680786212	3.45547723823558	4.67387482687279	2.95569515462538e-06	0.000577811311412244
MSTRG.40888|LOC111113989	5.38067876553162	19.8162507013437	4.24123243953064	4.67228594137996	2.97865884023238e-06	0.000577811311412244
MSTRG.22187|LOC111135359	3.24679004322958	16.8262367919433	3.60207984994641	4.67125591127406	2.99363689872047e-06	0.000577811311412244
MSTRG.29973|LOC111101457	11.4947974896096	-21.5463762885878	4.61070609103319	-4.67311857732393	2.96660373994838e-06	0.000577811311412244
MSTRG.38167	2.64384737755197	20.8199254015645	4.46207687311391	4.66597192150907	3.07161647094138e-06	0.000588987477284171
MSTRG.1764|LOC111106570	3.33278449162609	16.5241758334058	3.54301836708818	4.66386965049413	3.10317987199135e-06	0.000591175916133001
MSTRG.8013	100.636385560021	-2.11864639694533	0.456435915644436	-4.64171710491721	3.45525714301687e-06	0.000654002155237606
MSTRG.4162	16685.554447745	-0.55018472794762	0.118769389715313	-4.63237816803133	3.61489067118684e-06	0.000679831169944099
MSTRG.39052	2.87011260480963	16.365271740835	3.53424052936473	4.63049178596134	3.64798255367414e-06	0.000681684790826063
MSTRG.23787|LOC111135919	69.4176555098665	-21.2094839487202	4.60601100134858	-4.60474018462188	4.12981130872119e-06	0.000766838001109254
MSTRG.20254|LOC111130794	3.4106899975358	16.3376376979386	3.56330835921609	4.58496320019095	4.54066401679831e-06	0.000837823905187603
MSTRG.2170|LOC111124596	4.34337485885476	20.6654664690106	4.51332432341625	4.57876832865589	4.67721881845632e-06	0.000857626535599196
MSTRG.13066	4.64474356783086	-19.8219627902114	4.33476415297912	-4.57278922005215	4.81274227032045e-06	0.000876995234327089
MSTRG.19829	96.9271382013387	1.53350274923274	0.336585750707799	4.55605368322327	5.21236202040237e-06	0.00094395232688003
MSTRG.31671|LOC111102179	3.04136975158817	19.3484910236324	4.27556283861358	4.5253670110732	6.02907848495107e-06	0.00107854332067984
MSTRG.5478|LOC111118943	3.72163399850621	-18.9731659281954	4.19208186793948	-4.52595310060612	6.01239136270267e-06	0.00107854332067984
MSTRG.23306|LOC111138480	33.5643223195658	20.845675485695	4.61038411562623	4.52146176173077	6.14140549501655e-06	0.00108540093019756
MSTRG.34806	35.76399136308	3.06795283590348	0.678410018514794	4.52226935359826	6.11801365579231e-06	0.00108540093019756
MSTRG.40970	100.405975853818	-2.80044951184868	0.619726888479326	-4.51884461350446	6.21780052129584e-06	0.00108706264892573
MSTRG.23490|LOC111133124	1.67089583058512	18.8470238574637	4.17098514435991	4.51860248961785	6.22491393481227e-06	0.00108706264892573
MSTRG.29533	364.99614484409	-1.77752618209528	0.394652274283516	-4.50403126479467	6.66763906183811e-06	0.00115748635974087
MSTRG.8182	27.5386804656441	-3.0866892049415	0.686525580216575	-4.49610224861214	6.92104639092476e-06	0.00119440975892324
MSTRG.5401	893.928105556429	-4.32557503399059	0.963170929774446	-4.49097340905372	7.08984031005141e-06	0.00121638441529993
MSTRG.15573	1756.22668800681	-0.46389534655245	0.103332350765161	-4.48935249336121	7.14399967324459e-06	0.00121855036287006
MSTRG.19998|LOC111129702	1.85837777475766	-20.6773924397438	4.62429912943086	-4.47146515850257	7.7685517799464e-06	0.00131742064809288
MSTRG.11233	925.618472779932	0.509142676577456	0.11392637839651	4.46904995790732	7.8567780572015e-06	0.00132472502667918
MSTRG.27355	328.063943119505	0.658311637753869	0.148152335077438	4.44347797427407	8.85162217654885e-06	0.0014839365223748
MSTRG.23628	1487.88604359333	-0.498657295916819	0.112450728728506	-4.43445143980122	9.23070222169701e-06	0.00153869512375083
MSTRG.30640	10.3700114246888	-6.18441753845045	1.40116223025143	-4.41377693812137	1.01582626213128e-05	0.00168374637731116
MSTRG.43243	84625.5720464446	-1.22567880420644	0.278781032613315	-4.39656454643572	1.09977666994629e-05	0.00181265437881373
MSTRG.4432	7235.84414704147	-0.53468643734919	0.121775721675069	-4.39074743302183	1.12961690355013e-05	0.0018514357942097
MSTRG.5267	532.743196997928	-4.08135584012023	0.931903280345186	-4.37959166600256	1.18901898316564e-05	0.0019308533201254
MSTRG.17149	32879.6604847688	-1.07964037218293	0.246539058500027	-4.37918591379229	1.19123474995807e-05	0.0019308533201254
MSTRG.33558	10.932272546731	-19.989386853879	4.57064925407152	-4.37342393666993	1.22312873673375e-05	0.00196088256165545
MSTRG.3452	1704.3000498813	-0.527579591511654	0.120614334199637	-4.37410358406008	1.21932475407369e-05	0.00196088256165545
MSTRG.550	1443.85270175464	-0.676449517900238	0.154755237274352	-4.37109289361897	1.23626179020894e-05	0.00197116567397553
MSTRG.15843	35693.8983732903	-0.739215952646974	0.169248169117406	-4.36764519522919	1.2559330174971e-05	0.00199170610093676
MSTRG.41814	841.051368076598	0.688906772597988	0.157872144721141	4.36370059971533	1.27880567757648e-05	0.00200674392805573
MSTRG.13929|LOC111125790	13.5147185991384	19.9906302913007	4.58117073641248	4.3636510057155	1.279095761628e-05	0.00200674392805573
MSTRG.40785|LOC111113968	3.25192895444839	-18.609268043875	4.26626928890814	-4.36195345011559	1.28906300418445e-05	0.00201162395833848
MSTRG.41910	2137.25371661042	-1.05833633607668	0.2427054617335	-4.3605789853991	1.29718745698208e-05	0.0020135918313725
MSTRG.39631	2088.57523152686	-0.613417298571029	0.140754553204732	-4.35806362639503	1.31218240391276e-05	0.00202357493276484
MSTRG.15446|LOC111124393	2.20668058590643	-17.5511043644293	4.02807637228773	-4.35719255105911	1.3174136347334e-05	0.00202357493276484
MSTRG.3517	4324.83059819422	-0.748523065252944	0.172058040846978	-4.3504102544016	1.35883061648543e-05	0.00205491611476544
MSTRG.27525	1204.29254839442	-1.27304645987782	0.292558576214192	-4.35142417067885	1.35256100166803e-05	0.00205491611476544
MSTRG.41239	438.348601468928	-1.17958270815873	0.271087881912207	-4.35129265033225	1.35337270562082e-05	0.00205491611476544
MSTRG.22391	2719.47175714674	-0.686465092975371	0.157949062005867	-4.34611693325454	1.38568718204677e-05	0.00207414747688204
MSTRG.212	7303.00962372104	-1.3855260210372	0.318781366836377	-4.34632059830635	1.3844018117754e-05	0.00207414747688204
MSTRG.4827|LOC111122435	3.74528048084858	-20.0173931579703	4.6148695301002	-4.33758593334179	1.44056218298553e-05	0.00214534077788983
MSTRG.10478|LOC111124517	2.07518579523141	-20.2091811133839	4.66550760981684	-4.3316146502175	1.48019837056444e-05	0.00219323534321311
MSTRG.5348|LOC111122366	2.27992122841039	19.9129464172144	4.61441413891935	4.31537911806889	1.5932922143345e-05	0.00234894507458017
MSTRG.25082	2698.81816926024	-1.67928942884694	0.389512722781499	-4.31125693881108	1.62329146306527e-05	0.00236935944992085
MSTRG.16218	254.883575574833	-0.706777203036553	0.163905215532097	-4.31210929281349	1.61704462356081e-05	0.00236935944992085
MSTRG.18809	1037.52326431123	0.770050855101312	0.178727884088457	4.308509883775	1.64358132949725e-05	0.00238709846756388
MSTRG.39628	855.870033908384	-1.11493514898746	0.259027325911981	-4.30431478633387	1.67503356134945e-05	0.00242079480900838
gene16355|LOC111131589	2.19689337710095	17.4122006485086	4.0517494532442	4.29745245836136	1.7277230098427e-05	0.00248470282660613
MSTRG.11770	309.814521312034	0.881354868730611	0.205501515207882	4.28879985550981	1.79641156341462e-05	0.00257088402182723
MSTRG.14170	11779.8623015035	-1.09734774656665	0.256161479058113	-4.28381250218229	1.8371775128966e-05	0.00261646183851265
MSTRG.8167	38.3826770234564	-3.74322350238211	0.876103878822575	-4.2725795340762	1.93224599828207e-05	0.00273856198539128
MSTRG.43247	14221.2430282993	-1.47848621566295	0.34630977826573	-4.26925922527224	1.96123230829162e-05	0.00275304466318945
gene4455|LOC111120875	2.88054140179997	16.0594284600743	3.76121584983398	4.26974390762049	1.95697536692502e-05	0.00275304466318945
MSTRG.28956	971.952551127532	-0.693076587265709	0.162390210505538	-4.26797024961103	1.97259627185881e-05	0.00275581092494256
MSTRG.14220|LOC111125117	3.16022312497371	16.0763315393033	3.76996441462625	4.26431917418964	2.0051265104343e-05	0.00278798111673561
MSTRG.34124|LOC111103166	2.27314499404529	19.652071735225	4.61313583535794	4.26002451187309	2.04404485898973e-05	0.00282868811665287
MSTRG.7443|LOC111118660	15.9875019692558	-19.7176135764601	4.63515877906144	-4.2539240868147	2.10056539377351e-05	0.00289325763016559
MSTRG.10963|LOC111125335	7.69998458459049	-19.7293822659362	4.64327630449722	-4.2490218053204	2.14706020931088e-05	0.00294347908508236
MSTRG.38622	2328.18798476854	-0.752511043440707	0.177424605379687	-4.2413003643454	2.22228501802006e-05	0.0030324371097057
MSTRG.42942	6924.09126247425	-1.01376583898855	0.240245161045719	-4.21971387301168	2.44612571637881e-05	0.00332242760495933
MSTRG.43258	3.64874792735038	16.8418065792256	3.99360191447707	4.21719714180147	2.47357708516925e-05	0.00334423062325786
gene22424|LOC111138455	1.60048190723825	-17.9479434045105	4.26686025045269	-4.20635838790508	2.59518573642511e-05	0.00349254858418532
MSTRG.9384	4915.30193846728	-0.791716870679291	0.188412653835061	-4.20203661783974	2.6452433104613e-05	0.00354365973709195
MSTRG.15137|LOC111125228	114.42995804492	19.2423635890482	4.60970256056518	4.17431782988814	2.98880263042424e-05	0.00398570416233574
MSTRG.27134|LOC111137466	2.06298681859248	19.2764828358792	4.62015236745575	4.17226128117816	3.01591508884032e-05	0.00400366139712205
MSTRG.37184|LOC111106301	1.98557999783304	-19.2215246854521	4.61813060849691	-4.16218732534033	3.15213595450779e-05	0.00416564705555628
MSTRG.29826	1296.94380984167	-1.05882182394766	0.254710596603575	-4.15696024455386	3.22510086081391e-05	0.00424296004728962
MSTRG.43245	30075.574760105	-1.18464610755999	0.285145260975117	-4.15453549362466	3.2594902042283e-05	0.0042690590898058
MSTRG.25901|LOC111132452	2.85309283249296	-18.8191127662163	4.54307244006486	-4.1423756751604	3.43726704410636e-05	0.00447475195651604
MSTRG.6675|LOC111119308	6.39518517045137	19.1046787081856	4.61273543644621	4.14172435670935	3.44704459122171e-05	0.00447475195651604
MSTRG.43537	4705.48423640331	-0.991806285615561	0.239602460268333	-4.13938272797712	3.48241560655639e-05	0.00450075370331064
MSTRG.19751	32.662258979924	2.16757559500883	0.52547049258208	4.1250186748978	3.70704676389756e-05	0.00477005868242222
MSTRG.15458	204.079981821394	-2.03897121822274	0.494867223576089	-4.12023896731006	3.78479644979475e-05	0.0048488366045449
MSTRG.26450|LOC111136890	1.60896098230962	19.0310480772848	4.62039952207651	4.11891828538927	3.80655092414293e-05	0.00485550395706544
MSTRG.14847	65.0793947047419	-1.20640680108554	0.292978949398848	-4.11772519343425	3.82630572026057e-05	0.00485957390567119
MSTRG.12100	14644.4514670465	-0.910670631904431	0.221540968330024	-4.1106195335746	3.94598938428971e-05	0.00498997571363326
MSTRG.18007|LOC111129918	2.12237274944358	-18.9621365688095	4.61895440333885	-4.10528767183816	4.03812043125745e-05	0.00508456554558931
MSTRG.20276	1110.27241845041	1.20578598817858	0.295306132521009	4.0831728683887	4.44249506628352e-05	0.00556982565190709
MSTRG.35373	200.650238669515	1.31699082812732	0.322733125806137	4.08074264095971	4.48920389769519e-05	0.00560443676385453
MSTRG.13516	572.2164205008	1.20298193406153	0.295793643608389	4.06696343905953	4.76297121608289e-05	0.0059210190481966
MSTRG.19750	166.775605777477	1.61588876892569	0.397851032115816	4.06154223185552	4.8749597042643e-05	0.00603466530817325
MSTRG.18510	826.895189447786	-1.42136908183876	0.351384143134864	-4.04505755199439	5.23102718080262e-05	0.0064226908846485
MSTRG.17606	759.315229815826	-1.04066944087848	0.257272721180456	-4.04500498966052	5.23220097290542e-05	0.0064226908846485
MSTRG.165|LOC111115024	2.68211808596318	-18.8699879256549	4.66650557531247	-4.04370842831176	5.26123417970203e-05	0.00643142034850409
MSTRG.36350	1254.92948559737	-0.807231924053995	0.199934477925129	-4.03748234137129	5.40279102514387e-05	0.00657705738986186
MSTRG.31043|LOC111102258	2.52025641788878	-18.5847091676246	4.61368414253336	-4.02817110870096	5.62124274737256e-05	0.00678666747828873
MSTRG.18215	8.93172415913071	-5.87102684190493	1.4571784240162	-4.02903772464838	5.6005631320445e-05	0.00678666747828873
MSTRG.5204	1117.1724472611	-0.534787739877965	0.132912329228462	-4.0236127301533	5.73121316336938e-05	0.00687883341728328
MSTRG.5248	214.559136765863	2.16588636863599	0.53836674939197	4.02306860719415	5.74447538085215e-05	0.00687883341728328
MSTRG.42538|LOC111111251	1.86937585940286	15.6308239693845	3.89408087701783	4.01399571889604	5.96994295550684e-05	0.00711976367596178
MSTRG.30096|LOC111100408	5.46937244617664	15.2402665635562	3.81335856516955	3.99654695542081	6.4273137678485e-05	0.00763419155146313
MSTRG.18987|LOC111131756	8.93698566278244	-6.0124762736773	1.50495643819012	-3.99511648384186	6.46624527938775e-05	0.00764946387123701
MSTRG.13999|LOC111123588	2.56263504427467	15.9715845652376	4.00082262970135	3.99207514141408	6.54976101983182e-05	0.00771714412850707
MSTRG.8933	3306.55508597948	-0.544415681459708	0.136615926779519	-3.98500888068729	6.74776019982222e-05	0.00791863154969537
MSTRG.19521	33.6473834128044	2.78451994383343	0.701865051968385	3.9673152780926	7.26868098397207e-05	0.00849595867361644
MSTRG.40167|LOC111112499	2.51964002384302	-18.3333805097715	4.6248478036213	-3.96410461235422	7.36719423464022e-05	0.00857693430380455
MSTRG.226	1988.96452683937	-0.458925191404986	0.115804941148225	-3.96291545813736	7.40400062170119e-05	0.00858571423871421
MSTRG.26692|LOC111134585	11.8519925759124	5.11614823826348	1.29194070118546	3.96004881150426	7.49344453101304e-05	0.00865522345082128
gene32308|LOC111110117	1.47909286757891	-18.2458786700093	4.61578380564455	-3.95293181792802	7.71994400423438e-05	0.00888187126259719
MSTRG.4618	578.887511964423	-0.655847616696032	0.166271468672917	-3.9444387057541	7.99871086916577e-05	0.0091666476359213
MSTRG.17418	675.561220828166	-1.10666609548338	0.280676546353737	-3.94285204752608	8.0518331409637e-05	0.00919162181671569
MSTRG.40544	1758.91875752632	-1.08544004160753	0.275681688280142	-3.93729466900439	8.24053914629332e-05	0.00937057897185866
MSTRG.1291	51724.977209401	-1.24267244853567	0.31660752663324	-3.92496180286703	8.67435010025727e-05	0.00982579471974316
MSTRG.28530	58450.1235816888	-0.393799213238241	0.100447580898281	-3.92044496957099	8.83856181926095e-05	0.00997329717897992
MSTRG.24980	1967.31202581704	-0.656183275627299	0.167633771084573	-3.91438593418178	9.06345707333657e-05	0.010187881364657
MSTRG.7222|LOC111118790	61.6501939879227	-3.33668504784765	0.852700791596848	-3.91307839834306	9.11269330282825e-05	0.0102041296228387
MSTRG.5110	240.201684153994	-1.90606934073155	0.487984423933794	-3.90600446908968	9.38347768715071e-05	0.010467394235195
MSTRG.17134|LOC111128723	2.36430453921375	-18.0152122062879	4.62366993932293	-3.896301518643	9.76727806112624e-05	0.0108542577180804
MSTRG.42718	817.121789322382	-1.06134204218168	0.273582664355515	-3.87941993576934	0.000104705857374767	0.011591926202494
MSTRG.827	602.570523903122	1.2067120873243	0.312191554495582	3.86529382344767	0.00011095554451775	0.0122376457333148
MSTRG.16075|LOC111124498	1.41830348233712	-17.8650766949407	4.62509858200569	-3.86263695317678	0.000112169643960609	0.0123252172828328
MSTRG.9159	29.5661676648786	-2.95205614716629	0.764625327954188	-3.86078781233252	0.000113022022775687	0.012372537702213
MSTRG.42363	4043.3616861304	-0.627818068701637	0.162830002357309	-3.85566578402408	0.000115415082118014	0.0125875378408115
MSTRG.25245	70.2755693966352	-1.20254040863294	0.312438583378228	-3.84888574141685	0.00011865633369734	0.0128931093259724
MSTRG.41059	3413.78028016139	-0.838128418578859	0.218091141978359	-3.84301907439241	0.000121530019381734	0.0131566336111487
MSTRG.36462	7930.91612472275	-0.506846229064148	0.131970786881729	-3.84059412723195	0.000122736898821893	0.0132384380060173
MSTRG.28267	4157.86598299466	0.807076106382397	0.210478293443971	3.83448617516104	0.000125827048713121	0.0135220291397273
MSTRG.20259	1200.85274484446	-0.424925053989176	0.110873472969428	-3.83252226712827	0.000126836114765964	0.0135807223905251
MSTRG.40357	8.43738833566175	17.6633408828911	4.61515169117013	3.82725034080358	0.000129582707193694	0.0138243544132676
MSTRG.36589	30.3235920067832	-2.45611542763325	0.64409106377613	-3.81330461757024	0.000137120933824875	0.0145755578136021
MSTRG.22371	1697.55237716301	0.770153487785508	0.202119849643483	3.81038027261535	0.000138753197555129	0.0146958170031493
MSTRG.12994	1420.24401948202	-0.66533340997112	0.174720760266023	-3.80798142680989	0.000140105793272535	0.0147856969893152
MSTRG.33234	7.73848852489834	-7.30560233777824	1.91960588364548	-3.805782426497	0.000141356607219454	0.0148642299018077
MSTRG.37163|LOC111107909	5.55032412553337	-16.2162559391288	4.26405878396187	-3.80300947072353	0.000142948888560648	0.0149246779095811
MSTRG.7709	18148.1541195044	-0.613824150867552	0.161383603719147	-3.80351000177057	0.000142660230910288	0.0149246779095811
MSTRG.24374	1078.47150654089	0.872284245355286	0.229725667770106	3.79706914696276	0.000146416957544732	0.0152325556753452
MSTRG.4894	1858.04026355668	1.01735813532645	0.268441444063937	3.78986984991832	0.00015072623744853	0.0156254641493462
MSTRG.15665	1268.3709141754	-0.423038958938651	0.111731720408713	-3.78620285619143	0.000152966815470393	0.015746457657089
MSTRG.38215|LOC111107351	3.17704758036316	-17.6591073476381	4.66393378059432	-3.78631176564171	0.000152899821104393	0.015746457657089
MSTRG.23080	2592.85323975205	-0.622864790753978	0.164665612360015	-3.78260391970719	0.000155196265641896	0.01592009804686
MSTRG.35054	310.933246984823	-0.973532063195796	0.257510128899281	-3.78055833126692	0.000156477051491961	0.0159955530894465
MSTRG.1288	45975.1718650574	-1.15831145102063	0.306483288270282	-3.77936251453664	0.000157230378197751	0.0160167529012695
MSTRG.6770	598.622672380642	0.836338025914737	0.221375359269998	3.77791832240329	0.000158144723910218	0.0160541519379861
MSTRG.10208	5152.73529559625	-1.23620547946335	0.327496020520017	-3.77471908666379	0.000160188072754477	0.0162055092361064
MSTRG.20846	591.235897471883	-0.699625786002249	0.185567829535882	-3.77018898023468	0.000163123978350944	0.0164458119479725
MSTRG.10286	556.205497774816	-0.972813510917606	0.258264341784825	-3.7667356793998	0.000165395947353731	0.0165610454043132
MSTRG.39979	385.840554936577	-0.987506199461569	0.262156602791972	-3.7668561041172	0.000165316219971343	0.0165610454043132
MSTRG.40940	175.849527359692	-0.74019014079786	0.196970950364714	-3.75786449436992	0.000171369635263663	0.0170428554554758
MSTRG.20555|LOC111130464	2.43833314989061	17.3491934370925	4.61662267536852	3.75798384599573	0.000171287936336153	0.0170428554554758
MSTRG.16076|LOC111124715	1.84038769237289	-17.3770417993388	4.63011115585507	-3.75305067511488	0.000174695522696914	0.0173149231246015
MSTRG.3818|LOC111129975	20.6950005171174	-6.22884930536491	1.6608141554566	-3.75047941691732	0.000176496793465289	0.0174345553087025
MSTRG.20841	226.028975356129	-0.884441824336468	0.235912922598652	-3.74901813174994	0.000177528251586924	0.0174775967954939
MSTRG.13260|LOC111123568	16.3033541241221	5.72791082780391	1.52894404941115	3.74631814029423	0.000179448987245782	0.0175489146260558
MSTRG.605	11690.0145147471	-0.776957053419183	0.207366146471188	-3.74678830966817	0.000179113116462482	0.0175489146260558
MSTRG.42666	12.3809410174454	7.411108418802	1.97920854084836	3.74448081940135	0.000180767185178109	0.017619095278257
MSTRG.12451	695.366208747453	-0.369315501674177	0.0989364861631014	-3.73285444022485	0.00018932201296908	0.0183918185976387
MSTRG.160	1249.68782399685	-0.547349040538172	0.146701585711931	-3.73103697469889	0.00019069323081865	0.0184638878077807
MSTRG.20008	814.002304717598	-0.980240724610576	0.264143756228993	-3.71101228590381	0.000206432083435626	0.01992205415735
MSTRG.99	3623.82604427343	-0.50421855367191	0.136063038950972	-3.70577165966134	0.000210748104855621	0.0202056467328569
MSTRG.12169	7211.8335553568	-0.507977165627855	0.137061571513035	-3.70619685751628	0.00021039479022619	0.0202056467328569
MSTRG.20937|LOC111129796	2.19318255923107	-17.2580977492999	4.66623451163674	-3.69850630230036	0.000216871966218303	0.0207250480290312
MSTRG.26554|LOC111132512	1.15343898083694	-17.0623608512589	4.61818440452321	-3.69460362703304	0.000220230064895797	0.0209776287140029
MSTRG.16220	10773.5830437953	-0.354390942738651	0.0960523980524512	-3.68955851102363	0.000224643558873282	0.0213287790622147
MSTRG.12093	26731.0092078851	-1.07328257443211	0.291123716949317	-3.68668889528832	0.000227190818578902	0.021501045920864
MSTRG.10761	3795.93857387168	-1.49181595038655	0.405494847805135	-3.67900099954773	0.000234149350506456	0.0220883396950431
MSTRG.6534	85102.3847242929	0.667622114812996	0.181545936540249	3.67742802475219	0.000235597523590646	0.0221537184201999
MSTRG.31886|LOC111100316	2.6645941335079	13.8511745977415	3.77289171537695	3.67123565759629	0.000241380647984026	0.022625001439474
MSTRG.2236|LOC111132880	224.615882687198	-1.05859130628048	0.288429683350801	-3.67018849787723	0.00024237167090771	0.0226455416595236
MSTRG.1414|LOC111111629	71.2437075110152	-3.88081516722879	1.06341462599674	-3.64939043751752	0.000262863322211546	0.0244821718953725
MSTRG.23604|LOC111132910	33.1441794272666	15.6140101609269	4.29314637400534	3.63696198561234	0.000275872626441657	0.0255528492500176
MSTRG.38106	152.837167373816	-1.29311784704629	0.355639409813905	-3.63603642161857	0.000276865203260022	0.0255528492500176
MSTRG.1751|LOC111124007	2.30403798567173	16.8353535477777	4.63026550702732	3.63593697212974	0.0002769720519976	0.0255528492500176
MSTRG.27184	6556.04227491837	0.384862644277961	0.105965783404788	3.63195205010462	0.000281285395647283	0.0258694386755486
MSTRG.2906	743.08041928291	-1.31181227122475	0.361286157241658	-3.63095082645889	0.000282378987502568	0.0258888585479699
MSTRG.6436	2528.23104163181	-0.348371984156069	0.0960343453641778	-3.62757701773241	0.000286093448884395	0.0261476934684435
MSTRG.34873|LOC111106785	18.9347418894734	-7.05892531372735	1.95134530084558	-3.61746601724896	0.00029750137605717	0.0271058862446126
MSTRG.14291|LOC111123956	14.0657619466031	-4.55202449042694	1.25912753146446	-3.61522115645633	0.000300091328477078	0.0272572117487942
MSTRG.22806	4543.40259596898	-0.688981125616069	0.190933125115118	-3.60849446737263	0.000307979081199554	0.0278873156920756
MSTRG.6644	309.0483108284	0.551017818273632	0.152855961982142	3.60481731381865	0.000312372581731694	0.0281116159596455
MSTRG.5862	105.547261355073	0.983013091627595	0.272678303932411	3.60502862696129	0.000312118521782633	0.0281116159596455
gene7873|LOC111119784	7.29037450541046	-6.15499591553901	1.71149028450264	-3.5962786182731	0.000322802054235959	0.0289613659546622
MSTRG.9020	4814.12457802823	0.635381364000474	0.176863284572753	3.59250008013455	0.000327520553607791	0.0292951158589798
MSTRG.20629	223.343228642385	1.662280667987	0.46337202407965	3.58735655500269	0.000334047394453513	0.029788092578958
MSTRG.19126	17519.6665682526	-1.33671094857028	0.373166638449705	-3.58207516653567	0.000340875674563807	0.030304880425312
MSTRG.33324	149.951720883889	-1.04792978405634	0.292884994351976	-3.57795655040281	0.000346290998612985	0.0306933091157334
MSTRG.22885|LOC111135930	6.59802998061681	6.45285340317863	1.80400556677943	3.57695869791493	0.000347615072243531	0.0307178644261467
MSTRG.24706|LOC111133998	2.16602136330884	16.5139149069619	4.6188160839106	3.57535667299836	0.00034975074497407	0.0308137758439918
MSTRG.12192	2039.86138484997	-0.884898206424232	0.248239962728036	-3.56468876606181	0.00036428819953688	0.0319984646647096
MSTRG.22457|LOC111134376	3.23398815086429	16.4565076827709	4.6177056006369	3.56378450815511	0.000365546085189748	0.0320131076038711
MSTRG.29159	5102.58924155478	-0.565929929966955	0.158883363471498	-3.56192062908132	0.000368151693712161	0.0320499536799032
MSTRG.16429	96.0874656198992	-1.5460930601673	0.434058069396522	-3.56194981541722	0.000368110759208654	0.0320499536799032
MSTRG.8378|LOC111118583	2.50731045085125	16.4504539909787	4.61964367457123	3.56097897366631	0.000369474672883315	0.0320699643581381
MSTRG.2404	23.6833316865342	-1.7489750646256	0.491946864521154	-3.55521132618254	0.000377675408193582	0.0326850770666174
MSTRG.19129	5651.88953761307	-1.17021805425066	0.32927948162963	-3.55387480707623	0.000379599867672832	0.0327550026993692
MSTRG.42149|LOC111113261	8.0736407864322	-8.12960351544435	2.28908402647918	-3.55146574848474	0.00038309185053603	0.0329593803842406
MSTRG.29167	2529.47334833047	-0.289889615730316	0.0817864616750124	-3.54446946099985	0.000393404076178851	0.0337476280319741
MSTRG.1274|LOC111108847	2.64486130394839	16.3510648547158	4.61856896324547	3.54028812492298	0.000399690418620831	0.0341869314912476
MSTRG.3923	2840.8173052909	-0.495132115530204	0.139961883890959	-3.53762111344508	0.000403748969535516	0.0344336839192819
MSTRG.4817	3838.48343818753	-0.578308515541348	0.163756863352095	-3.53150703856561	0.000413198865143205	0.0351374733494822
MSTRG.14279	197.17343948864	-1.03454513064294	0.293184280199648	-3.52865143362548	0.00041768289347074	0.0354161292735392
MSTRG.10209	12721.1755877644	-0.984869669384542	0.280163337895415	-3.515341003512	0.000439189655028982	0.0370569852474859
MSTRG.20610|LOC111130041	60.6883279449405	16.3782944762869	4.65938844968399	3.515116769755	0.000439560667602601	0.0370569852474859
gene28423|LOC111104677	2.55330280420318	-16.3797359259506	4.66358367431203	-3.51226375891433	0.000444306814026003	0.0371369609968515
MSTRG.23060	1859.92658347648	-0.526072120058149	0.149751624371571	-3.51296436526681	0.000443136904657987	0.0371369609968515
MSTRG.4368	316.445156317651	-0.684722564118228	0.194935882704497	-3.51255271537769	0.000443823950439311	0.0371369609968515
MSTRG.5767|LOC111118611	2.31166736584534	16.2275887196067	4.6217560443245	3.51113052354508	0.000446205254654141	0.0371896868211454
MSTRG.37584	201.47829366993	-1.30328594512847	0.371657143353848	-3.50668880831286	0.00045371942275898	0.0377088397306033
MSTRG.306	727.051796267943	-1.1016107178256	0.31427325158349	-3.50526400918643	0.000456154699574431	0.0378041428703804
MSTRG.25221	3308.44753149977	-0.685120812340004	0.19553944590486	-3.5037473343018	0.000458760410037853	0.0379129941118043
MSTRG.16070	113.68012748835	-0.903367175056895	0.25797290797918	-3.50179087460534	0.000462142204879399	0.0380851910302017
MSTRG.34108	3028.55868146448	-1.43677778645078	0.410716551426539	-3.4982222690087	0.000468370619496476	0.0383828414379542
MSTRG.43532	6834.1314210074	-0.75949436290538	0.217084129689672	-3.49861762806475	0.000467676747648721	0.0383828414379542
MSTRG.2743	6975.51691082497	-0.344353042828018	0.0986797320710425	-3.48960253134968	0.000483739448113989	0.0395318883809699
MSTRG.4609|LOC111102276	118.563527053784	-6.5607745737519	1.88179603472449	-3.48644297930644	0.000489489721845629	0.0398906929430752
gene13462|LOC111128612	7.56446829682213	-5.46933903138186	1.57030719257577	-3.48297394117549	0.00049587663033742	0.0402992481463691
MSTRG.3956	4269.63840585752	0.568191883529539	0.163326379335408	3.47887393231621	0.000503525402402378	0.0408078128609972
MSTRG.10411	1466.71769091934	0.482812811277896	0.138868912900108	3.47675229246733	0.000507526478255533	0.0410187653417654
MSTRG.38790	22145.634820964	-0.718697804219901	0.206833317466119	-3.47476805489827	0.000511295238485266	0.041209834359013
MSTRG.2968	6724.28582843573	0.34114588753735	0.0982889298188769	3.47084751218678	0.000518818533058745	0.0416278399656478
MSTRG.35113	180.580374108065	0.95804463254958	0.27604674221636	3.47058844041233	0.000519319293320168	0.0416278399656478
MSTRG.6278	5556.53383497097	-0.516136706730808	0.148753107919959	-3.46975410428756	0.00052093504613353	0.0416435759767453
MSTRG.4436	4583.78266124475	-0.624658752990734	0.180203547518097	-3.46640652525447	0.000527465104937585	0.0418237060774564
MSTRG.28120	285.742007889147	1.31536743913394	0.379312695276121	3.46776539650596	0.000524805236566029	0.0418237060774564
MSTRG.2987	766.800525344638	-1.03271769961929	0.297884904773731	-3.46683461655679	0.000526625802248402	0.0418237060774564
MSTRG.21636	316.108754281972	-1.19359240483942	0.344470886030492	-3.46500227811346	0.000530226987810836	0.0419293783514672
MSTRG.4177	85.9109875071911	1.5700766224254	0.453572515468612	3.46157795915667	0.000537018561512534	0.0420869664849853
MSTRG.10928	1177.38100055698	-0.883001844212274	0.255097491801975	-3.46142895398487	0.000537315921017717	0.0420869664849853
MSTRG.2275	718.654903366142	0.46050549189482	0.133018735458683	3.46195962776881	0.000536257590604946	0.0420869664849853
MSTRG.23631	541.825285282484	-0.624336510995642	0.18038634098157	-3.46110746300592	0.000537958021401237	0.0420869664849853
MSTRG.34279	550.112795291677	0.522177446341734	0.150975635161299	3.45868686549224	0.00054281558418507	0.0423540521511212
MSTRG.7492	68.9421515044094	1.57955998745882	0.456810226634717	3.45780347146627	0.000544598500704786	0.0423804530866764
MSTRG.42364|LOC111115078	1.75095623792619	15.9214242872005	4.6223555273683	3.4444395704597	0.000572244536660115	0.0441802900435117
MSTRG.28441	4466.69365711754	-0.527360768614955	0.153060980920796	-3.44542917105599	0.000570153365850673	0.0441802900435117
MSTRG.12417	58095.1018178265	-0.451654951727826	0.131118217403207	-3.44463920172834	0.000571822112401425	0.0441802900435117
MSTRG.42879	20706.4764345247	0.428306046919549	0.124403098616327	3.44288889652574	0.000575535706152146	0.0443177599661198
MSTRG.552	9877.11239713498	-0.468001098902544	0.136171175739106	-3.43685876517068	0.000588502388184604	0.0451975996454448
gene27155|LOC111105575	2.59495813979238	14.7353787204202	4.28972173989915	3.43504302000872	0.000592459767763056	0.0453827275891189
MSTRG.12007	506.785634762641	-1.06807552674007	0.311457005654796	-3.42928721251457	0.000605168755741151	0.0462355233227445
MSTRG.41306|LOC111113390	29.1977832190845	6.45674822161283	1.88603078060388	3.42345856070571	0.000618296780939941	0.0471158206732883
MSTRG.33330	931.103884455982	-0.790269748436507	0.230908597725093	-3.42243535417143	0.000620628539697681	0.0471709847089393
MSTRG.2439	48966.0122332293	-1.03104151273612	0.301477744817041	-3.41995895372587	0.00062630585095859	0.0474794859313259
MSTRG.15654	1588.56972410193	-1.032301972997	0.302305767449155	-3.41476109340395	0.000638379776896709	0.0482700667386486
MSTRG.4796|LOC111108571	3.71904704781023	15.9033867014129	4.66039346830698	3.41245579575286	0.000643803675083875	0.0485550442663515
