baseMean	log2FoldChange	lfcSE	stat	pvalue	padj
MSTRG.27823|LOC111135461	1.33642904579213	-30	4.44711027266312	-6.7459537004093	1.52025095823048e-11	1.71542779279099e-08
MSTRG.2688|LOC111104470	6.65590068126884	-30	4.29027366571022	-6.99256092677103	2.69913231862932e-12	4.97018152954277e-09
MSTRG.36356|LOC111108764	4.64888530622633	-30	4.43441189265307	-6.76527141055705	1.33059523653429e-11	1.71542779279099e-08
MSTRG.26487|LOC111138128	1.92789532913163	-30	4.44058539555304	-6.75586602389025	1.41984576371611e-11	1.71542779279099e-08
MSTRG.26362|LOC111134476	4.17120453095765	-30	4.4415423311141	-6.75441046454575	1.43417199936326e-11	1.71542779279099e-08
MSTRG.18996|LOC111129706	1.4713369882862	-30	4.442854514529	-6.75241557019123	1.45403680230541e-11	1.71542779279099e-08
MSTRG.9685|LOC111119341	2.67491963611964	-30	4.29063779437523	-6.99196749707659	2.7105768788835e-12	4.97018152954277e-09
MSTRG.43048|LOC111117505	3.01290075474639	-30	4.14974487167291	-7.22936009989113	4.85275119289497e-13	1.29427285906502e-09
MSTRG.26807	2.71310240767735	-29.9935549111743	4.44438785029223	-6.74863579001148	1.49241688238742e-11	1.71542779279099e-08
MSTRG.14905|LOC111123704	1.75734185257337	-29.9542494692485	4.44991649141949	-6.73141833717723	1.68017124423027e-11	1.8256616282677e-08
MSTRG.6794|LOC111122063	2.00259047042614	-29.8514148455889	4.44963530499731	-6.70873291841768	1.96321613816217e-11	2.05702982362149e-08
MSTRG.32545|LOC111104540	2.38141820505066	-29.1493011842676	4.44912427890444	-6.55169407662521	5.68879916792252e-11	4.76851399967174e-08
MSTRG.935|LOC111110056	2.46513488734193	-29.1337473637409	3.60227268260056	-8.08760189212233	6.08509201924811e-16	2.55034899515287e-12
MSTRG.25844|LOC111138502	60.527602545243	-28.45980933691	4.48583689331688	-6.34437007268591	2.23337378471224e-10	1.72428210778652e-07
MSTRG.17142|LOC111130235	4.21732339706945	-25.361345851541	3.80032206682683	-6.67347277561584	2.49819944531757e-11	2.4060862265931e-08
MSTRG.30096|LOC111100408	5.46937244617664	24.8937869200518	3.62377564907319	6.8695717756199	6.43949115749608e-12	9.91961849197371e-09
MSTRG.13929|LOC111125790	13.5147185991384	24.7570136638303	4.41761064220908	5.60416380458787	2.09262737483162e-08	8.89760897432029e-06
MSTRG.5332|LOC111118904	3.69714483949685	-24.245962137866	4.48667201605264	-5.40399700515607	6.51720328082514e-08	2.21967488350092e-05
MSTRG.8362|LOC111122281	1.60741332645098	-24.1488575714754	4.45116510669943	-5.42528910804253	5.78608095924013e-08	1.9970828609669e-05
MSTRG.8865|LOC111118351	4.85787120806524	24.1112887323538	4.3855373973265	5.49790973098359	3.84319565146032e-08	1.44303338818759e-05
MSTRG.17924|LOC111129143	29.2290127745973	-23.7851278161758	3.70958428192047	-6.41180412913065	1.43807528586533e-10	1.17195146490881e-07
MSTRG.836|LOC111118299	31.15124339834	-23.7144666324453	3.32467940913353	-7.13285815387107	9.8305853118638e-13	2.21853624522662e-09
MSTRG.38291	19.917431702378	23.393263053121	1.84135158428969	12.704397819901	5.5898045531918e-37	1.63993685981541e-32
MSTRG.18007	8.41277899679788	-23.1958555622733	2.37832204946624	-9.75303389525366	1.79036106111593e-22	1.31314032027548e-18
MSTRG.7602|LOC111119807	5.19738474104417	-23.1206063931034	4.43802251818131	-5.20966405609365	1.89182863373227e-07	5.44141847612132e-05
gene38408|LOC111117894	1.91955654733938	-22.885655512289	4.49084423994926	-5.09606975648472	3.46777392387531e-07	8.77047856712532e-05
MSTRG.41697	2.99580509091213	-22.7767206093448	4.1475904989222	-5.49155482327959	3.98410608914018e-08	1.44303338818759e-05
MSTRG.29556|LOC111100710	4.38463952566666	22.712881814433	2.91193423292759	7.79992953055058	6.19417552141613e-15	2.01916357163674e-11
MSTRG.21367|LOC111135361	1.81195958587256	-22.6505038281864	4.43841444309888	-5.1032872478605	3.33803740709301e-07	8.5157688216778e-05
MSTRG.5546	5.0120904106003	-22.3289108187453	3.17728549322527	-7.02766901695043	2.10012341864952e-12	4.40095863259569e-09
MSTRG.4209|LOC111114896	9.76740552325602	-22.3016200022825	4.08791692065802	-5.45549736825197	4.88359550117715e-08	1.74725518065287e-05
MSTRG.11412|LOC111126786	74.2948560323908	22.249876683062	3.03846165381528	7.32274394680074	2.42951106972242e-13	7.12769957635163e-10
MSTRG.9397|LOC111119368	2.45163573858623	22.2089183420346	4.45731541902323	4.98257723634496	6.27429335611576e-07	0.00014269396781529
MSTRG.4421|LOC111109144	2.11980463438962	-22.1589182946684	4.4458282916326	-4.98420470632507	6.22171835243452e-07	0.00014269396781529
MSTRG.36231|LOC111107141	2.29663595607835	-22.1156955173519	4.40481564534029	-5.02079934735688	5.14568906706791e-07	0.000121745343427128
MSTRG.23390|LOC111133625	6.97732986074929	21.6555551502961	3.11119835761081	6.96051895801529	3.39021533672245e-12	5.85071397345665e-09
MSTRG.29752|LOC111101700	4.45981431297475	-21.6283398815632	4.3172068160484	-5.00979934553145	5.44868147191483e-07	0.00012788273361843
MSTRG.40377|LOC111113904	2.20021421616258	-21.4988382803128	4.48729175732502	-4.79104980085555	1.65910936165358e-06	0.000324499669681284
gene27155|LOC111105575	2.59495813979238	21.3940022311264	4.06461436160052	5.26347651409224	1.41356572565154e-07	4.27538054218195e-05
MSTRG.21387	12.9218151127205	21.3891004145819	2.05840329774444	10.3911125861582	2.72159621445122e-25	3.9923094869785e-21
MSTRG.28728|LOC111135723	1.68630857289159	-21.3137589691443	4.48708684489413	-4.75002149632948	2.03395026428488e-06	0.000382513031112755
gene39382|LOC111116816	3.16724199968328	-21.1899925119213	3.62255781428991	-5.84945599165682	4.93183344239095e-09	2.73000244401634e-06
MSTRG.31886|LOC111100316	2.6645941335079	20.9477519308923	3.53757991901861	5.92149220948304	3.19033421898932e-09	1.88385620973064e-06
MSTRG.40941|LOC111114542	1.75179879754166	-20.8907237759485	4.4434692613969	-4.70144442259089	2.58327579603375e-06	0.000460737108628493
MSTRG.14220|LOC111125117	3.16022312497371	20.6792571633018	3.58520056104581	5.76794988486492	8.02416578357168e-09	3.85922911079387e-06
MSTRG.28460|LOC111132090	2.06229352988225	-20.6543588874577	3.55532496220123	-5.80941520312388	6.26914369148824e-09	3.17110582104969e-06
MSTRG.43645	5.57115587564237	20.5639094520742	3.08262886807374	6.6709001738909	2.54239119995863e-11	2.4060862265931e-08
MSTRG.24216|LOC111135753	3.11186745329645	-20.4873861363352	4.25901776423542	-4.81035470393562	1.5066269013501e-06	0.000300689932189179
MSTRG.7068|LOC111120629	1.80482987965781	-20.2969702828068	4.44793240612578	-4.56323712447909	5.03708683918598e-06	0.000811967327956254
MSTRG.28091	2.84648283139213	-20.1942580739636	4.20913032585431	-4.79772696747395	1.60476321034913e-06	0.000315976799095454
MSTRG.40596	5.34511874652862	20.0756908648903	3.02448043400916	6.63773210074254	3.18546133201616e-11	2.83197165329364e-08
MSTRG.9509|LOC111121022	2.60529291322408	19.9041881897273	4.49579840662921	4.42728663286546	9.54258891698296e-06	0.00139383206772041
MSTRG.21866|LOC111099082	3.56741082412028	19.9039871165505	2.90036072229251	6.86259021630176	6.76230042400553e-12	9.91961849197371e-09
MSTRG.3526|LOC111120777	4.86896156593673	-19.8717781949447	3.59541043053662	-5.52698463189885	3.25781486217171e-08	1.30436649158426e-05
MSTRG.26725|LOC111136382	2.47674190157792	19.8481658774275	4.4959316904917	4.41469471598151	1.01152634438981e-05	0.00144059028600526
MSTRG.3145|LOC111112466	2.22480612515351	19.6334516500671	4.49593686485431	4.36693224131903	1.26003795540955e-05	0.00171939504817699
MSTRG.23939|LOC111132968	2.3164929579683	-19.5952037511324	3.65025836957235	-5.36816898071467	7.95400134732105e-08	2.59282768364117e-05
MSTRG.12936|LOC111124935	2.20810988909456	-19.4763611522565	3.859539479025	-5.04629147029134	4.50468041146595e-07	0.00010922174703437
MSTRG.28113|LOC111134778	2.13512848500417	19.4320055613406	4.454737300987	4.3620990977482	1.28820493240904e-05	0.00174162932290399
MSTRG.15137|LOC111125228	114.42995804492	19.3349330849596	4.46110920026336	4.33410889915408	1.46351719625311e-05	0.0019340841217871
MSTRG.10963|LOC111125335	7.69998458459049	-19.3274741099806	4.46053913669077	-4.33299059098031	1.47097398848819e-05	0.00193522129481015
MSTRG.21637|LOC111134024	30.7426988198153	19.2677988405791	4.48273297158339	4.29822587308235	1.72170664076146e-05	0.00218664196652206
MSTRG.35601|LOC111108660	1.99662826146028	19.262281529029	4.39881443781777	4.37897115264197	1.19240913066424e-05	0.00163471491006671
MSTRG.17817|LOC111129494	36.7256818022626	19.1854890736843	4.45279724448449	4.30863747444342	1.64263361074177e-05	0.00209528629878009
MSTRG.7674|LOC111120747	130.024884022088	18.9445816834677	4.4902887522346	4.2190119007469	2.45375322667231e-05	0.00290780730514622
MSTRG.16923	3.67227085105213	18.6944745525263	3.15761010380883	5.92045057430501	3.2106077608062e-09	1.88385620973064e-06
MSTRG.40357	8.43738833566175	18.6942760406634	4.45249246548542	4.19860924764648	2.68559281631215e-05	0.00313904071892294
gene4455|LOC111120875	2.88054140179997	18.5990331632603	3.60305356129411	5.1620196166554	2.44299682089562e-07	6.63635562328109e-05
gene31293|LOC111109110	2.51965148595134	18.4088924974259	4.46427333298132	4.1236033558752	3.72990976053107e-05	0.00406795883102084
MSTRG.1858|LOC111115675	18.7235101058819	18.3835098901129	4.47272267007537	4.11013855455588	3.95421780986001e-05	0.00426503095976739
MSTRG.38162	7.04754995104713	18.356716339383	3.08886421006534	5.94286931732577	2.80075714545031e-09	1.71184610694211e-06
gene35459|LOC111113946	3.14886691761832	18.2166955816431	4.26365216650368	4.27255668854931	1.93244403853712e-05	0.00241251247670647
MSTRG.30180|LOC111101554	4.60275686024802	18.1504601576817	3.10145055913006	5.85224874994391	4.84970550097354e-09	2.73000244401634e-06
MSTRG.29989|LOC111099664	1.80967145291897	18.0267211831894	4.46652414212847	4.03596188211781	5.43790451249127e-05	0.00544252834942498
MSTRG.40888|LOC111113989	5.38067876553162	17.9285690408801	4.09001048852797	4.38350197173521	1.16786591405163e-05	0.00160898825256584
MSTRG.165|LOC111115024	2.68211808596318	-17.893467784602	4.49067884032752	-3.9845797085095	6.75996640382902e-05	0.00632182367856745
MSTRG.13248|LOC111126174	2.12404742496901	-17.7749598931416	3.57512185332251	-4.97184728867984	6.63179360642195e-07	0.0001462883915979
MSTRG.23247|LOC111132265	3.30885723635826	17.750859700471	3.13696986931997	5.6586006369003	1.52612217317168e-08	6.6825928830613e-06
MSTRG.43179	7.40723709786969	17.6543292158161	4.49847220690739	3.92451668117631	8.69040377212784e-05	0.0077495156798385
MSTRG.36423|LOC111110092	3.83602016429471	17.6052720434962	4.49494590912792	3.91668162407585	8.97761851723218e-05	0.00793329433911318
MSTRG.1764|LOC111106570	3.33278449162609	17.5641541683362	3.40375033195086	5.16023575626634	2.46639054939078e-07	6.6384372420208e-05
MSTRG.13999|LOC111123588	2.56263504427467	17.5485672622143	3.84432227571745	4.56480128449669	4.99967697090822e-06	0.000810389629682351
MSTRG.41302|LOC111115153	2.38807877091791	-17.5318307645762	4.44335693227837	-3.94562737852945	7.95913064959109e-05	0.00727450853386156
MSTRG.35482|LOC111107808	2.08745871821412	-17.5069579462904	3.67405122071898	-4.76502827384764	1.88827169496069e-06	0.000363543419580348
MSTRG.27682|LOC111136585	2.17719649174687	-17.3339618644579	3.67892364340115	-4.71169383891663	2.45666268644657e-06	0.000442169140459935
MSTRG.42538|LOC111111251	1.86937585940286	17.3172760306498	3.7419186032699	4.62791360975009	3.69368026922087e-06	0.000619229667076582
MSTRG.33967|LOC111105091	3.78976873339878	-17.288264338775	3.4030827056241	-5.08017754320329	3.77082286657064e-07	9.37528824232622e-05
MSTRG.38301|LOC111110469	3.30219790816107	17.2324554230552	2.99802356611336	5.74793861457044	9.03380219548477e-09	4.27473691630858e-06
MSTRG.33771	3.52940816737555	17.2113942853859	3.21222381665524	5.35809310551325	8.4104898481346e-08	2.69060847602622e-05
MSTRG.20254|LOC111130794	3.4106899975358	17.1450835562669	3.44001603406255	4.98401268671388	6.22789933231137e-07	0.00014269396781529
MSTRG.43258	3.64874792735038	17.1310072568479	3.86399141880566	4.43350033684678	9.27153625390124e-06	0.00137377944756038
MSTRG.28156|LOC111136144	2.73695888880548	17.0751239113126	2.76639447010867	6.17233879542921	6.72871206758198e-10	4.935173865968e-07
MSTRG.34614|LOC111104000	3.24261769179514	17.0605109654611	4.20107636900231	4.06098567770447	4.8865969529897e-05	0.00501269165758083
MSTRG.28555	3.73704476669563	17.0145338070094	4.02231962903097	4.23003027511974	2.33659863081381e-05	0.00283269134838081
MSTRG.8378|LOC111118583	2.50731045085125	16.9940466684166	4.46381450901047	3.80706828971345	0.000140623924037201	0.0111202821655078
MSTRG.19033|LOC111128823	4.29236291249574	16.9178524516678	2.90727536688965	5.81914346481989	5.91499495555284e-09	3.04445828080718e-06
MSTRG.1274|LOC111108847	2.64486130394839	16.8575631042638	4.46787042914765	3.77306445466454	0.000161254607156945	0.0124282035932183
MSTRG.28461|LOC111134936	3.35425811120257	16.8322946728157	4.17248149480428	4.03412086878657	5.48071028491212e-05	0.00544252834942498
MSTRG.38173|LOC111110459	4.61648773827602	16.820962814468	3.26906081640245	5.14550317634627	2.66804686983411e-07	6.98885348814226e-05
MSTRG.4928	8.09632010399263	16.6936413678426	2.33590868749879	7.14652993808486	8.89989864164438e-13	2.17587688623802e-09
MSTRG.42364|LOC111115078	1.75095623792619	16.684484745906	4.46499766698935	3.73672865929087	0.000186429915011969	0.0139172540626492
MSTRG.16801|LOC111129488	5.26010646160928	16.6016759587737	2.99132059637426	5.54994873464798	2.85753379333885e-08	1.16436564484688e-05
gene12724|LOC111125494	1.89616438976181	-16.5373144786438	4.43895433215163	-3.72549777294688	0.00019493017380385	0.0143329860628004
MSTRG.12420|LOC111126460	5.76737369180187	-16.5185868313205	3.72976594771828	-4.42885346235356	9.47353600309401e-06	0.00139383206772041
MSTRG.6969|LOC111118913	1.77175280858723	16.5143754876044	3.67200895817894	4.49736797368664	6.87998565650938e-06	0.00106198510912245
MSTRG.24715|LOC111133459	2.22172991187658	16.5103405342978	4.49998461442286	3.66897710747291	0.000243522881997857	0.016964501765598
MSTRG.5767|LOC111118611	2.31166736584534	16.4315566567887	4.46091068674175	3.68345340462092	0.000230095359404591	0.0162272539764709
MSTRG.20610|LOC111130041	60.6883279449405	16.301243295831	4.49537058625607	3.6262290245146	0.000287590308113136	0.0191322550100299
MSTRG.25218|LOC111133243	4.58287428940866	16.1975992695937	3.44670775649286	4.69944086181396	2.60874750039652e-06	0.000461056832329114
MSTRG.26450|LOC111136890	1.60896098230962	16.1888317118301	4.50151930167955	3.59630396470586	0.000322770618466467	0.0204523637247715
MSTRG.22457|LOC111134376	3.23398815086429	16.1672928129704	4.45939124854841	3.62544838787873	0.000288460506189469	0.0191467292547209
MSTRG.26230|LOC111136515	3.55443690620188	16.1579887427619	3.31580908560878	4.87301540154724	1.09907651018909e-06	0.000223921573999496
MSTRG.24706|LOC111133998	2.16602136330884	16.1143831096239	4.4661712551189	3.60809789619115	0.000308450109833858	0.0199020773358953
MSTRG.34320|LOC111104695	4.32191749789253	16.0025650430875	3.42181507439611	4.67663058790856	2.91626915416498e-06	0.000503279437911131
MSTRG.20369|LOC111131359	3.78811589838944	15.9279913078586	3.50818035001862	4.54024300882194	5.61894289100984e-06	0.000900811729707359
MSTRG.31671|LOC111102179	3.04136975158817	15.9107690245313	4.18124208118654	3.80527334117335	0.000141647675670674	0.0111711277118985
MSTRG.41983|LOC111115405	1.77802499537293	-15.8323403312506	4.38934674374394	-3.60699239671965	0.000309766733708612	0.0199020773358953
MSTRG.31902|LOC111100045	3.90275601422246	15.7914399614426	3.50331228220807	4.50757417248841	6.55730110361274e-06	0.00103289440682403
gene33261|LOC111113126	2.25277917837985	15.7684167986914	4.41647146866961	3.57036537211942	0.000356483636973499	0.021879742555499
MSTRG.2886|LOC111104049	1.74183181189041	15.6965026498135	4.50416880497584	3.48488330021586	0.000492351723855664	0.0278853569005357
MSTRG.24321|LOC111133477	1.74552583981992	15.6575752118874	4.50141504323435	3.47836737148262	0.000504478014366182	0.0282989980601817
MSTRG.27134|LOC111137466	2.06298681859248	15.6063879204457	4.49780547105417	3.46977832209091	0.000520888080638783	0.0288918647414088
MSTRG.6813|LOC111120593	4.00127979981534	15.6025393562279	4.45706639120789	3.50062978352887	0.000464160166333647	0.0267010410978363
MSTRG.37475|LOC111106620	2.2072783406352	-15.5925288537098	4.26383540883948	-3.65692559834381	0.000255258431487118	0.0174871051126173
MSTRG.23490|LOC111133124	1.67089583058512	15.5671934159771	4.07266702542283	3.82235849844879	0.000132181331218558	0.0106830189952894
MSTRG.38167	2.64384737755197	15.541559342104	4.3584945199048	3.5658090818119	0.000362735375613656	0.022073644177263
MSTRG.19859|LOC111131656	1.81097398839786	-15.4274096560066	4.43995291144368	-3.47467866522717	0.00051146563324398	0.0285273360230264
MSTRG.8069|LOC111119826	97.1349944693513	-15.3927129798942	4.42061141307285	-3.48203258363177	0.000497623137001206	0.0281296100064381
MSTRG.11095	5.62947098536889	-15.3790648980682	2.89336989828326	-5.31527783820281	1.06494708331414e-07	3.31373227679474e-05
MSTRG.13006|LOC111124591	2.09888489135367	15.2873055737044	4.47420352463833	3.4167657974254	0.000633697698165063	0.033406920567363
MSTRG.35525|LOC111110409	1.67076195541546	15.253104532706	4.50404194533249	3.38653696342963	0.00070780740695832	0.0358753235167838
MSTRG.5348|LOC111122366	2.27992122841039	15.2376233830662	4.50308240368384	3.38382068482708	0.000714846730578271	0.036096683961627
MSTRG.33116|LOC111102335	3.5477276637765	-15.2170989311454	3.21455106575671	-4.73381776175434	2.20335574028405e-06	0.000406553778040588
MSTRG.26968|LOC111137543	2.13707781457557	-15.1811360095108	4.21617783070974	-3.60068683510801	0.000317377667245005	0.020241795655726
MSTRG.34124|LOC111103166	2.27314499404529	15.1755692026781	4.49712968317732	3.37450113112064	0.000739496120521117	0.036899896752033
MSTRG.23306|LOC111138480	33.5643223195658	15.1646814232702	4.49101063667118	3.37667457285528	0.000733677976797956	0.0367825050288039
MSTRG.30530|LOC111100574	4.09856314107324	-15.0454870112708	3.12705762937813	-4.81138782666529	1.49885849518528e-06	0.000300689932189179
MSTRG.12233|LOC111127162	35.5123310391287	-15.0246150268673	4.38010842762267	-3.43019248841336	0.000603153207876181	0.0325717385605999
MSTRG.32484|LOC111103128	2.21411963233042	15.0049459314458	4.37483783405732	3.4298290589505	0.000603961612140104	0.0325717385605999
MSTRG.31043|LOC111102258	2.52025641788878	-14.8573009242287	4.43594123967528	-3.34930066055527	0.000810158291400446	0.0392866511621592
gene32308|LOC111110117	1.47909286757891	-14.8456468481221	4.43842064866941	-3.34480393438434	0.000823407563245155	0.0397321235040894
MSTRG.29474|LOC111100928	3.05873921280983	-14.7730317761752	2.64643236564593	-5.58224421978357	2.37434649081525e-08	9.81106723204756e-06
MSTRG.6675|LOC111119308	6.39518517045137	14.7721444190246	4.49443788206375	3.2867612828685	0.00101346706442461	0.0466035998998263
MSTRG.2445|LOC111103638	1.77303731983239	-14.7397497583636	4.49290509992887	-3.28067240026881	0.00103559952807982	0.047177669184481
MSTRG.26554|LOC111132512	1.15343898083694	-14.7171114306846	4.44077000763649	-3.31408999010905	0.000919419114617009	0.0432274326676824
MSTRG.22187|LOC111135359	3.24679004322958	14.7018701728485	3.53629387341872	4.15742319476279	3.21857432049246e-05	0.00361787484347156
MSTRG.1751|LOC111124007	2.30403798567173	14.6905438916915	4.50199311509875	3.26312002619962	0.00110192840207616	0.0488344040182936
MSTRG.18418|LOC111129337	2.17274328457508	-14.4613448039536	3.52622793740116	-4.10108054858519	4.11225374218694e-05	0.00438710182866474
MSTRG.39272	2.39698648184093	-14.4603769869814	4.43888135839026	-3.25766241975554	0.00112333952881337	0.0495586993929724
MSTRG.15942	6.03889542423952	14.2484782238868	2.64938621048679	5.37802988763531	7.53053176566737e-08	2.48236787574325e-05
MSTRG.22712|LOC111132811	5.13649985972391	-14.0587354663077	3.69054375874193	-3.80939405826207	0.000139307781450889	0.0110459775465032
MSTRG.43190|LOC111117287	3.01100526047259	13.9293241302867	3.38072448660528	4.12021866480866	3.7851299806779e-05	0.0040977174676431
MSTRG.33049|LOC111104030	2.69121998093254	13.8756400022249	3.58173086725866	3.87400408251356	0.000107061617653494	0.00910427170642961
gene13796|LOC111131197	2.34306356581985	-13.7656227046676	3.48883600584566	-3.94562045381406	7.9593606904682e-05	0.00727450853386156
MSTRG.34126|LOC111104553	2.26653200564999	-13.6917065357771	3.73010146130847	-3.67059895764183	0.000241982761331777	0.0169030720284563
MSTRG.26769|LOC111135893	2.14944970431808	-13.3366806732116	3.50733685372821	-3.8025092055344	0.000143237942441864	0.0112361357095171
gene16355|LOC111131589	2.19689337710095	13.3214947079746	4.03339655899915	3.30279815364353	0.000957252643024931	0.0447195510208048
MSTRG.31479|LOC111101479	3.16316749159343	-13.2653518923327	4.04231596963064	-3.28162172180341	0.0010321196629009	0.047092265427973
MSTRG.22503|LOC111133859	2.33641503321543	13.1736349017153	3.26591405961803	4.03367469603779	5.49113229064624e-05	0.00544252834942498
MSTRG.41098|LOC111112642	149.236127773982	-9.40838821795604	1.99627408266896	-4.71297418507649	2.44127134338936e-06	0.000442111226372575
MSTRG.43276|LOC111116650	5.59450694932842	8.19976143184884	2.29770400186771	3.56867613286288	0.000358789613873984	0.0219295201913228
MSTRG.3796|LOC111127880	20.3550513268058	7.65464960145118	2.0186005050391	3.79205770648656	0.000149404184572027	0.0116574999121652
MSTRG.3453|LOC111110454	13.0558675002459	7.58412105346641	1.91956979785644	3.95094831244768	7.78421362721127e-05	0.00715903634467474
MSTRG.13260|LOC111123568	16.3033541241221	7.55143140898767	1.49086676235883	5.06512828620572	4.08125412756475e-07	9.97798613287454e-05
MSTRG.41306|LOC111113390	29.1977832190845	7.52145724168719	1.83965243428618	4.08852079963988	4.34132626281078e-05	0.00458150467260226
MSTRG.1935	12.7931741865951	6.84488001063488	1.36175733642936	5.02650496349278	4.99499561401814e-07	0.000119140797824443
MSTRG.36653	15.9761605374263	-6.83501679669267	2.03013952597437	-3.36677194313144	0.000760535548384722	0.0376266305539814
MSTRG.4609|LOC111102276	118.563527053784	-6.73879233832803	1.81535125318125	-3.71211484637966	0.00020553468228126	0.0148156670977091
MSTRG.28503	10.0773082927022	-6.28367932114201	1.86211876891096	-3.37447826962023	0.000739557546192495	0.036899896752033
MSTRG.38655|LOC111106019	5.70124231647377	6.1905562396183	1.77154492501417	3.49443931802563	0.000475058590222788	0.0271681655359769
MSTRG.23717|LOC111137207	4.55192636193935	-6.08018803589068	1.85081157219118	-3.28514697403385	0.00101929186417908	0.0467980981397272
gene27323|LOC111102694	6.83133402347165	6.07132782483992	1.66934201319912	3.63695862012413	0.000275876229549776	0.0184786685445921
MSTRG.30188	6.16090926154031	-5.77788539212933	1.6852716095431	-3.42845945983497	0.000607017186776639	0.0325987599560711
MSTRG.42478|LOC111111726	34.9250401016165	-5.76845636373987	1.41253810416766	-4.08375274742691	4.43141813893033e-05	0.00462665285978427
MSTRG.11587	4.12013815552167	5.53978686461124	1.67114448242293	3.31496583501824	0.000916543258654827	0.0432274326676824
MSTRG.2423	10.5814031353073	5.5109173562785	1.59455860059613	3.45607703236382	0.00054809865936374	0.0302257865947621
MSTRG.41005|LOC111114019	9.27689291658143	5.21041315964418	1.41256679522543	3.68861364804534	0.000225479306148277	0.0159718564905948
MSTRG.14096|LOC111125576	10.4283959007149	-5.17839536548517	1.50496517170945	-3.44087389052544	0.000579838713540957	0.0316003810547347
MSTRG.3239|LOC111130185	14.6970464364191	5.09750465626276	1.51279345117485	3.369597252225	0.000752781218383325	0.0374323650592034
MSTRG.40410	13.7487284113171	-4.88394469917333	1.25246621930695	-3.89946221613533	9.64065796643414e-05	0.00835306324934045
MSTRG.3788|LOC111105223	17.6793039982798	-4.78456988832142	1.461315047544	-3.27415357582386	0.00105978996260377	0.0479077317763781
MSTRG.39360	12.0932862659161	-4.76932806459973	1.45806029597092	-3.27100880380523	0.00107164574249104	0.0483691427587725
MSTRG.5399	502.60972588575	-4.68860937834687	0.902759548192712	-5.19364141618139	2.06220163056537e-07	5.81739148437757e-05
MSTRG.23209|LOC111136004	197.7448262904	-4.67160849030388	0.699683079542492	-6.6767492696244	2.44300377453169e-11	2.4060862265931e-08
MSTRG.32286|LOC111103909	31.2767536240643	4.66558867969999	1.30848235206668	3.56564891557837	0.000362956995685621	0.022073644177263
MSTRG.5890	16.2753847998271	4.61680429904087	1.19510797837287	3.86308549736789	0.000111963799090428	0.00933307923826076
MSTRG.28330|LOC111132667	10.1853032553697	-4.53072559536566	1.33703023038682	-3.38864858280344	0.000702379635682475	0.035724634356837
MSTRG.26747	178.229538452008	-4.52668317131451	0.782375825974618	-5.78581676609901	7.21608394574637e-09	3.52842451333845e-06
MSTRG.5266	606.432423721673	-4.45441709618727	0.859034079175627	-5.18537879249442	2.15576254113733e-07	5.96658126715916e-05
MSTRG.37256|LOC111109135	43.5066553306534	4.42722140100606	1.35447950311116	3.26857762766951	0.00108089522516682	0.0484933340918747
MSTRG.5401	893.928105556429	-4.40571043596745	0.929997571139624	-4.73733542182123	2.16546588375735e-06	0.000402091380365019
MSTRG.24642|LOC111134954	49.4863498758972	4.40365558790006	0.956370657171286	4.60454903637991	4.13360612965726e-06	0.000681301891190363
MSTRG.41175	13.1582705070019	-4.37346573373591	1.21049504019308	-3.61295634308285	0.000302725688082131	0.0197722627025374
MSTRG.5267	532.743196997928	-4.25023078787248	0.900582299851311	-4.71942518587607	2.36512008655936e-06	0.00043367433187174
MSTRG.26092	970.133483490259	-4.23719660663401	0.970849588887221	-4.36442128125186	1.27459736135403e-05	0.00173121006423169
MSTRG.18399	9.04073335072957	4.11890182638319	1.20386194378859	3.42140712033881	0.000622979995263068	0.033170575500958
MSTRG.30601	3276.46567929206	-3.89311346633703	0.921750946858926	-4.2236066907267	2.4042347497431e-05	0.00289079668393291
MSTRG.3213|LOC111128699	13.2942676840492	-3.80705106040657	1.06779899779368	-3.56532556059036	0.000363404803927262	0.022073644177263
MSTRG.25160|LOC111135807	41.8286831561526	3.75418349754391	1.0483337417233	3.58109574091607	0.000342156235529442	0.0212673297414465
MSTRG.11286|LOC111125036	54.7803760433829	3.63437214914756	0.896615451618309	4.05343466096625	5.04711010539208e-05	0.00515930718717745
MSTRG.5083	44.9545146493988	-3.26112678342394	0.777334667188493	-4.19526739392567	2.72549862396459e-05	0.00316050113161553
MSTRG.36518|LOC111106352	45.776412688822	-3.18070156849751	0.940306774075762	-3.38262113619659	0.000717976057788848	0.0361924082189162
MSTRG.25279	12.5582793370656	2.96105813913073	0.906287994331396	3.26723752013863	0.00108602521948951	0.0485469000221968
MSTRG.31648	10.6309874693373	2.85340578812611	0.721858170235266	3.95286207981291	7.72219512611529e-05	0.00712433209465316
MSTRG.23558	13.426626470374	2.84724083884505	0.805293997196889	3.53565387145053	0.000406767276192613	0.0238674766978778
MSTRG.36870	507.130038833681	-2.84556732184764	0.280364443314518	-10.1495299767932	3.32963143747889e-24	3.25615757042519e-20
MSTRG.6153|LOC111118765	22.4298040910413	-2.81401895656612	0.696693707252338	-4.03910488536521	5.36555698420938e-05	0.00542809347595637
MSTRG.6254|LOC111119063	92.2059419113277	-2.78935269697296	0.640006805043706	-4.35831724755252	1.31066301444722e-05	0.00176241031227105
MSTRG.37991	12.0586872878026	2.74200521933033	0.836401474154178	3.27833618670175	0.00104420952038149	0.0474915539418554
MSTRG.29597|LOC111100694	80.8861927573858	-2.64014969824323	0.675293622417112	-3.90963221123458	9.24367524421435e-05	0.00811948935074134
MSTRG.31595	1823.03492310476	-2.54531022128618	0.561178908121964	-4.53564840810623	5.74267795131215e-06	0.000915645031171717
MSTRG.10037	32.5539766194039	-2.53035249529156	0.716674033674056	-3.53068811816666	0.000414480159521474	0.0241749879126064
MSTRG.19967	22.3076262912424	2.49307717930849	0.575877274195776	4.32918139162572	1.49664624615258e-05	0.00196020569507252
MSTRG.23157	26.1641182175221	2.46122806199364	0.677071257526142	3.63510935464369	0.0002778627460683	0.0185693331301863
MSTRG.43827	95.2602606106464	2.43399735462886	0.417450979075982	5.83061838785587	5.52223434779443e-09	2.94566020537442e-06
MSTRG.20202	37.8971140705931	2.40349996521871	0.718343647830579	3.3458915833353	0.00082018458112313	0.0397072198696211
MSTRG.41930	48.887212116975	2.38302255553134	0.696065611341382	3.42356024590704	0.00061806549902134	0.0330287898183754
MSTRG.3262	267.404246769787	-2.38136884620043	0.582791607823745	-4.08614127971561	4.38606765436255e-05	0.00459565903013173
MSTRG.9532	21.3331486497699	2.34085464439199	0.709499653635474	3.29930343502983	0.000969250807175176	0.0450647863405789
MSTRG.25803	46.1002975789744	2.3191092121992	0.412905356194772	5.61656364444264	1.94792520559995e-08	8.40415142380756e-06
MSTRG.1989	2376.63004983448	-2.29563402743317	0.588851521690302	-3.89849383566767	9.67928643839727e-05	0.00835306324934045
MSTRG.31677	75.6162034197081	-2.28286222857305	0.617482031062133	-3.69705046257993	0.000218118997091447	0.0155319784870604
MSTRG.12887	18.3047587274709	2.28282003028476	0.681350313124059	3.35043513786294	0.000806847030589876	0.0391908579196122
MSTRG.15919	43.7642973841876	-2.26571034187964	0.45966805894675	-4.929014095674	8.26456122950736e-07	0.000176982260840356
MSTRG.19123	121.438233533186	-2.23341509710058	0.619226254152011	-3.6067835982812	0.000310015997767542	0.0199020773358953
MSTRG.31717	43.8801062716521	2.22326560304049	0.574581704830836	3.86936372033468	0.000109119753781231	0.00921135989474042
MSTRG.22883	58.7728900139915	-2.21463216457016	0.616017287333322	-3.59508119351176	0.000324290423199038	0.0204602848082008
MSTRG.22720	24.6405156701661	-2.19149483597777	0.642403643339556	-3.41139851664789	0.000646305548176243	0.0337389896305954
MSTRG.16193	23.6449757255213	2.18872601663781	0.560841216123712	3.90257697493299	9.51739566286047e-05	0.00828550011741841
MSTRG.5272	233.501198731324	-2.16897385523618	0.658332221047246	-3.2946493972084	0.000985445462690353	0.0455291322589127
MSTRG.7242	161.215565431088	-2.13257682709031	0.520972314319756	-4.09345519612661	4.24992228025537e-05	0.00450123537393979
MSTRG.836	73.9536642345597	2.11443885769167	0.372689648071862	5.67345744275666	1.39943878631272e-08	6.2207174413398e-06
MSTRG.8386	408.451766127116	2.0784099243595	0.340722697217291	6.10000431827417	1.06065599789953e-09	7.4089346824706e-07
MSTRG.14170	11779.8623015035	-2.07270068644451	0.247234024662349	-8.3835576000319	5.13515301689013e-17	2.51091865349204e-13
MSTRG.9600	2261.43663973781	-2.07199795651097	0.564907768624312	-3.6678517655312	0.000244596913451768	0.016964501765598
MSTRG.8404	396.638854897863	2.05812170452226	0.359628834302513	5.72290514055668	1.04717740688338e-08	4.80032668174134e-06
MSTRG.6253	20056.0196725272	-2.05544838059184	0.338420755663253	-6.07364751184801	1.25037032004127e-09	8.33712828394789e-07
MSTRG.5248	214.559136765863	2.04760039209912	0.520925998341142	3.93069341637696	8.47012229226375e-05	0.00759927974955455
MSTRG.19191	740.182783013587	-2.01870023374677	0.491599041323325	-4.1063957901803	4.01880643257671e-05	0.00431881842926504
MSTRG.639	2086.81327424874	2.00191828242584	0.427618746214709	4.68154939451759	2.84714773628746e-06	0.000497200120757152
MSTRG.15890	82.6635814039957	-1.98276494572775	0.492392742968498	-4.02679563020002	5.65421366331695e-05	0.00554610239339083
MSTRG.32953	212.765221674731	1.98169284984053	0.366829704018755	5.40221478285523	6.58230673067625e-08	2.21967488350092e-05
MSTRG.11565	158.101143591505	-1.97888934971946	0.532529159712762	-3.71602064154918	0.00020238505586887	0.0147103416418351
MSTRG.12859	1288.14188013719	-1.96978011849802	0.603223276296228	-3.26542458804377	0.00109300105041353	0.048585552753079
MSTRG.6248	12731.2109524025	-1.9324566128328	0.346076413321186	-5.58390152708653	2.35181901598565e-08	9.81106723204756e-06
MSTRG.212	7303.00962372104	-1.85837166613352	0.307607482960096	-6.0413734030475	1.52807879088352e-09	9.9623945704313e-07
MSTRG.40494	104.521577641319	1.8497442276475	0.352839162318721	5.24245725868894	1.58452103632367e-07	4.64866781636637e-05
MSTRG.32954	54.9482961096391	1.84538138778711	0.48519507825835	3.80338027007872	0.000142734994791257	0.0112267004750292
MSTRG.12349	6991.2593177341	-1.83111136471669	0.367848894442649	-4.97789008579494	6.42811399895021e-07	0.000144584321997102
MSTRG.8010	207.52215006512	-1.82864900961049	0.338643452384618	-5.39992430603259	6.66690209356242e-08	2.22265424569244e-05
MSTRG.2404	23.6833316865342	-1.82087533329058	0.490176300095359	-3.71473556134057	0.000203416302843102	0.0147103416418351
MSTRG.11922	176.94417459098	-1.80673692990418	0.386252974590012	-4.6776000413251	2.90251977962229e-06	0.000503279437911131
MSTRG.5780	101.508122195085	-1.80396775117945	0.459114829271048	-3.92922997944473	8.52183086890297e-05	0.00762236201316693
MSTRG.14827	1152.11114648271	1.76970220284463	0.474464067187627	3.72989721505044	0.00019155789822958	0.0141531133972995
MSTRG.23292	1368.29487289223	1.74958953589944	0.368572806146353	4.74693061105738	2.06526763480434e-06	0.000385928801719042
MSTRG.43854	1624.94320514161	-1.74958202356225	0.316651703281042	-5.52525694772409	3.29003750689328e-08	1.30436649158426e-05
MSTRG.19829	96.9271382013387	1.74338657980814	0.327312768382863	5.32636288043878	1.00198856125259e-07	3.16089681828264e-05
MSTRG.15558	128.595205337297	-1.74131478190564	0.403624484452391	-4.31419512190429	1.60185423732637e-05	0.00205219212291183
MSTRG.42315	88.0540153988358	1.73048180832704	0.444397282298218	3.89399727959132	9.86057556180027e-05	0.00844190047346194
MSTRG.6064	175.875641147678	-1.72619870737217	0.460826791059498	-3.74587315855361	0.000179767410337488	0.0135578824793862
MSTRG.31299	584.038942393234	-1.69758251573598	0.507512039618934	-3.34491082617589	0.000823090295667049	0.0397321235040894
MSTRG.10208	5152.73529559625	-1.69331115138707	0.316062726440994	-5.35751611857084	8.4373842727661e-08	2.69060847602622e-05
MSTRG.30009	56.1749135044585	-1.69018405616883	0.460275483947146	-3.67211401675027	0.000240552309521698	0.0168648770851361
MSTRG.39660|LOC111115506	33.2358087644724	1.67548599171905	0.44396133664035	3.77394573229774	0.000160685728747314	0.0124282035932183
MSTRG.16001	1033.55347364009	-1.67377758386183	0.448191601014401	-3.73451349840901	0.000188078404136655	0.0139339500519222
MSTRG.43823|LOC111116961	24.4294313042755	1.64468334666652	0.456172834602018	3.60539519654081	0.000311678257195258	0.0199651019860141
MSTRG.37551	1087.86185417682	-1.64379426034499	0.256722095871528	-6.40301044117213	1.52342770218854e-10	1.20795464667047e-07
MSTRG.13492	7966.49986342989	-1.63897806533492	0.406251217245601	-4.03439545719335	5.47430558109138e-05	0.00544252834942498
MSTRG.11642	4233.40563591808	-1.62920076126976	0.327622187212839	-4.97280350616593	6.59915403572533e-07	0.0001462883915979
MSTRG.547	393.630784154762	-1.61858278232059	0.277956056181774	-5.82316069869004	5.77449820065340e-09	3.02521836090659e-06
MSTRG.957	107.673761530042	-1.60848355264463	0.258105885219393	-6.23187476441074	4.60885869760395e-10	3.46704349923858e-07
MSTRG.39281	3066.93824630757	-1.60820406209982	0.381052316688593	-4.22042851248189	2.43838374052603e-05	0.00290780730514622
MSTRG.22010	1948.75674332965	-1.59617560712813	0.317152243683678	-5.03283719070934	4.83273539358141e-07	0.000116215402440075
MSTRG.10761	3795.93857387168	-1.59096975438565	0.391240020577575	-4.06648009075592	4.772856068705e-05	0.00491319478398833
MSTRG.2334	1306.30099546587	-1.58330455375404	0.405485294835206	-3.90471510045145	9.43364532959902e-05	0.00825162687008876
MSTRG.17275	52.8852041652908	-1.58191453649712	0.47080094239558	-3.36004963891502	0.000779284695310883	0.0382318635301516
MSTRG.21252|LOC111136304	431.316043323614	-1.58013018871846	0.473865939439317	-3.33455109811877	0.000854372014659864	0.0409568074609332
MSTRG.25082	2698.81816926024	-1.5715510007605	0.375813921813204	-4.18172640645715	2.89303970016999e-05	0.00334157475289714
MSTRG.11230	147.818565276464	-1.56614756763029	0.453717603684023	-3.45181133575982	0.000556836931705962	0.0305354801913823
MSTRG.23469	1046.60527230283	1.55880446609914	0.419649177624629	3.71454192981517	0.00020357211488803	0.0147103416418351
MSTRG.7497	448.781521370932	-1.54276310677468	0.425804654860488	-3.62317106956043	0.000291013213837088	0.019229156908902
MSTRG.11490	22661.1935603003	-1.54123992035351	0.312981402041803	-4.92438180127921	8.46274625429943e-07	0.000177998489262902
MSTRG.14917	90.5945445430851	1.53972933412096	0.388247340597814	3.9658464414724	7.31359384769337e-05	0.00676865035658132
MSTRG.13957	3283.34277012129	-1.52767972670786	0.345072042152945	-4.42713271459632	9.54939824159118e-06	0.00139383206772041
MSTRG.30010	458.275314562043	1.50424126747908	0.328059952589009	4.58526332034066	4.53414635892008e-06	0.000743144055184343
MSTRG.20796	1175.29806139097	-1.50410936107028	0.166838802762564	-9.01534496870521	1.96251821533382e-19	1.15152718802927e-15
MSTRG.43907	68.1299732036124	1.50048620433657	0.452977555278325	3.31249570061948	0.000924675472763646	0.0434050064319037
MSTRG.5923	19007.6862771501	-1.48729286627946	0.273239668591753	-5.44318061116382	5.23375324592182e-08	1.8499741292633e-05
MSTRG.37964	1268.42921113934	-1.48171689153131	0.335963142547939	-4.41035549404018	1.03201056283246e-05	0.00146266308658834
MSTRG.22715	101.356805925506	-1.47732719102637	0.38454314190041	-3.84177230082801	0.000122149125598841	0.0100227961372847
MSTRG.21405	9733.17554895008	-1.46965497136982	0.327133976530825	-4.49251706274947	7.03862770914532e-06	0.00106994435093733
MSTRG.28120	285.742007889147	1.46091811958936	0.366662941278157	3.98436262605847	6.76614845957522e-05	0.00632182367856745
MSTRG.30878	3910.47152327305	-1.45380638580909	0.295269443621936	-4.92366012539566	8.49403111896047e-07	0.000177998489262902
MSTRG.1490	285.149499014479	-1.45095854495539	0.403870104277299	-3.59263666606814	0.000327348871570689	0.0206089296011607
MSTRG.43219	243.783887832577	1.44784246753626	0.275579834888388	5.2538041040726	1.48989348944468e-07	4.46025461156407e-05
MSTRG.32240	47.8614602464425	1.44605237158556	0.414355949903184	3.48987958764303	0.000483238231514695	0.0274221339191066
MSTRG.33212	151.466911478089	-1.43098659655712	0.437805000705583	-3.26854785635359	0.00108100894730677	0.0484933340918747
MSTRG.1242	52.9868581956281	-1.42258277242323	0.433391565177085	-3.28244222252448	0.00102912072924439	0.0470285731379623
MSTRG.730	1283.94024580196	-1.4202826195845	0.363775162462294	-3.90428695013425	9.45036003936813e-05	0.00825162687008876
MSTRG.1986	4866.94597515666	-1.41573991264453	0.35311455852446	-4.00929352377993	6.09006775271053e-05	0.00587731604371782
MSTRG.43217	269.405913228821	1.39579284539116	0.269934467060842	5.17085817379723	2.3302137621385e-07	6.38914124800181e-05
MSTRG.31719	376.837399148192	1.38320360891663	0.345710994909692	4.00104025987937	6.3064625777121e-05	0.00600711036054927
MSTRG.25869	182.565834599227	-1.38136960543213	0.306513104998764	-4.50672282164803	6.58365444393255e-06	0.00103289440682403
MSTRG.16125	136.669993590736	1.38031319417413	0.404463121635111	3.41270469503865	0.000643216008161943	0.0336375601558914
MSTRG.16524	16222.0197264964	-1.37089500656685	0.35718319157032	-3.83807256030121	0.000124003842960042	0.0101056242910047
MSTRG.10209	12721.1755877644	-1.36942993827436	0.270289328557531	-5.06653350164683	4.05125477997447e-07	9.97798613287454e-05
MSTRG.27748	2390.39987031167	-1.36735015066246	0.30942190706871	-4.41904764797027	9.91367908722768e-06	0.00143274638946348
MSTRG.16129	127.440364736944	1.36727886697	0.394057621779287	3.46974348775778	0.000520955635974001	0.0288918647414088
MSTRG.37841	77.3900325589812	1.36174372703495	0.395986030129211	3.43886809994435	0.000584151774270513	0.031736749543608
MSTRG.39276	1792.6862506558	-1.35842469806986	0.336002092056656	-4.04290547643615	5.27929072919045e-05	0.00537791081295103
MSTRG.4324	930.130078917757	-1.34647985002705	0.342515962925384	-3.93114481008985	8.4542328265662e-05	0.00759927974955455
MSTRG.19308	6993.37388657072	-1.34310040411074	0.321479590167282	-4.17787145806631	2.94249861755302e-05	0.00338537350752041
MSTRG.20737	709.544555703514	-1.3400290577223	0.365815548780197	-3.66312766690915	0.000249154279497893	0.0172398307828047
MSTRG.1049	17246.3951128154	-1.33157273737221	0.396020145292319	-3.36238636645446	0.000772719222654424	0.0381009017718244
MSTRG.12461	663.734407871742	-1.32160834309613	0.385520831991775	-3.42811135851753	0.000607796090257376	0.0325987599560711
MSTRG.19833	2339.46293753742	-1.31541285265763	0.239481483074537	-5.49275391053186	3.95714021926264e-08	1.44303338818759e-05
MSTRG.41867	938.569503318385	1.31073511777076	0.215265082080202	6.08893511713346	1.13664168574678e-09	7.75506832010209e-07
MSTRG.40321	57.4475592579126	1.30645850427339	0.358814353899316	3.64104303541877	0.000271535738412152	0.0183133689506568
MSTRG.15994	742.753408924517	1.29415667414282	0.345962624483413	3.74074128982934	0.000183478307181925	0.0137669733404177
MSTRG.7931	1087.5180031424	-1.2914171074967	0.327990208624916	-3.93736481619653	8.23813139830821e-05	0.00743662458349435
MSTRG.13925	819.593467494651	1.28920259246054	0.356488422180502	3.6163940039763	0.000298735562000852	0.0196012932224665
MSTRG.19750	166.775605777477	1.28817371048517	0.386519095569935	3.33275567817862	0.000859904193674132	0.0411146961480869
MSTRG.38106	152.837167373816	-1.28492548489769	0.345721108183511	-3.71665326322987	0.000201879197589002	0.0147103416418351
MSTRG.19002	111.708257473927	-1.28059531519379	0.386387121059379	-3.31428053730858	0.000918792737952409	0.0432274326676824
MSTRG.27679	120.219048448335	-1.27832139549674	0.335521513887689	-3.80995358743116	0.000138992882295803	0.0110459775465032
MSTRG.15998	1703.08944825564	-1.27644554027968	0.334117797103102	-3.82034585211213	0.000133264672928605	0.01074098619335
MSTRG.21589	21128.4269720931	-1.27387701649049	0.275840159373588	-4.61817097040317	3.87137228963192e-06	0.000641685425046447
MSTRG.19533	88.4518055854577	-1.27027977227658	0.358775737048831	-3.54059553392735	0.000399225073688438	0.0236107879610749
MSTRG.2084	1175.11163542893	-1.25782846579071	0.158119578360202	-7.9549191746852	1.79248488103056e-15	6.57349017995931e-12
MSTRG.21253	15994.3290706508	-1.25505193095387	0.294622979685776	-4.25985757218401	2.04557209964892e-05	0.00252155438065127
MSTRG.31632	68.7088449481747	1.24282507196798	0.318798531706106	3.89846548325295	9.68041960861597e-05	0.00835306324934045
MSTRG.13754	8889.47554182763	-1.24223746273737	0.350037009870859	-3.54887462670213	0.000386881236134117	0.0231326931266748
MSTRG.21587	2169.28087932425	-1.24206138748053	0.349847205109585	-3.55029672765706	0.000384797169728572	0.0231326931266748
MSTRG.39507	1261.25721518376	-1.23243180840909	0.306171039067205	-4.02530498039224	5.69015209084e-05	0.00554610239339083
MSTRG.15589	2642.14719313031	-1.22977887109337	0.280550621401429	-4.38344732565654	1.16815903536889e-05	0.00160898825256584
MSTRG.19126	17519.6665682526	-1.22919785833258	0.359938251599549	-3.41502425171562	0.000637763329020466	0.0334645488674877
MSTRG.38015	5777.71795518129	-1.2281766248411	0.235535501769212	-5.21440129244094	1.84411866414875e-07	5.35670825433624e-05
MSTRG.31739	641.162420361461	1.22436160211292	0.255154521958453	4.79851030158219	1.59850087871304e-06	0.000315976799095454
MSTRG.14279	197.17343948864	-1.21172119348713	0.286185805107455	-4.23403667079911	2.29533490651578e-05	0.00279421309076182
MSTRG.2906	743.08041928291	-1.21164472831425	0.348954662039199	-3.47221246804305	0.00051618763136566	0.0287360772846409
MSTRG.10716	280.680144653097	-1.20885244175872	0.242324536557098	-4.98856805395718	6.0828483541403e-07	0.000141633813502991
MSTRG.17012	8928.87193210204	-1.20832962203087	0.279786452206619	-4.31875672499871	1.56910625610748e-05	0.00202794886967759
MSTRG.30662	185.720815760482	-1.20808242404974	0.21066584758308	-5.73459076499484	9.7748068565146e-09	4.55195688184802e-06
MSTRG.34608	241.514839036898	1.20489325793591	0.298269477494742	4.03961299713328	5.35394694573908e-05	0.00542809347595637
MSTRG.30909	2346.42804781617	-1.20471281956164	0.247073362442685	-4.8759316166311	1.08296123089685e-06	0.000222181234909453
MSTRG.21764	542.553981821259	-1.20375029872094	0.29539174106503	-4.07509801858657	4.59949696299147e-05	0.00476819936043264
MSTRG.20598	9130.17113329863	-1.20134601596325	0.267002580754066	-4.49937979090096	6.81520046461392e-06	0.00105790662026901
MSTRG.14283	183.877043364667	-1.19976058697493	0.275654531896349	-4.35240653843509	1.34651279588358e-05	0.00179563601843783
MSTRG.19129	5651.88953761307	-1.19265972919864	0.317679431551388	-3.75428690291432	0.000173835662343888	0.0131443058294974
MSTRG.14005	160.981074901334	-1.18625251599093	0.330473949761741	-3.58954924237197	0.000331250255469454	0.0207732843768115
MSTRG.37584	201.47829366993	-1.18194277203065	0.359922892916878	-3.28387772851007	0.00102389333749687	0.0469359105241926
MSTRG.12950	1752.00005905687	-1.18079341184189	0.250385562688182	-4.71590054620042	2.40643968643895e-06	0.000438510108824508
MSTRG.8203	1848.60790365123	-1.17256800569036	0.292396003764896	-4.010205305792	6.06659746870456e-05	0.00587398800451664
MSTRG.12696	366.949671439998	-1.16142942233342	0.17426191572232	-6.66484938788416	2.64936908204899e-11	2.42897469153604e-08
MSTRG.7552	3085.08686829343	-1.15951608950582	0.283749729971614	-4.08640420423243	4.38110255455077e-05	0.00459565903013173
MSTRG.16345	3321.97795936394	-1.15943179265968	0.210828492251457	-5.49940750549414	3.81069535631189e-08	1.44303338818759e-05
MSTRG.41138	2032.76306414748	-1.1551867790394	0.275105470476823	-4.19906873184741	2.68014965994719e-05	0.00313904071892294
MSTRG.40953	5279.58074005728	-1.14749880040593	0.343750179283804	-3.33817658741799	0.000843301371021434	0.0405586485623391
MSTRG.9296	5708.42964252226	-1.13856922742929	0.301489226354252	-3.77648395996565	0.000159057797581084	0.0123450731889785
MSTRG.1289|LOC111119622	105.313076781338	-1.13138826912713	0.346193223292603	-3.26808323504034	0.00108278516848661	0.0484988569054352
MSTRG.1291	51724.977209401	-1.13017726233077	0.305371502550765	-3.70099126110461	0.000214758873223008	0.0154048797618988
MSTRG.17147	1140.20439282663	-1.12153684126933	0.261807856894297	-4.28381659196021	1.83714372538534e-05	0.00232319494031703
MSTRG.36070	5249.9950782211	-1.11566593974523	0.225017786809449	-4.9581233357788	7.11773742425973e-07	0.000153544250406568
MSTRG.11188	326.771482011163	-1.11318068810307	0.337570571396679	-3.29762361540388	0.000975067435082781	0.0451919880102032
MSTRG.43233	422.03705679939	-1.11068745654389	0.21405400276034	-5.18881890654223	2.11632080851192e-07	5.91320189334501e-05
MSTRG.14382	66.1827673600759	-1.10709532162878	0.3226372587774	-3.43139327994541	0.000600489349429243	0.0325640601359614
MSTRG.22806	4543.40259596898	-1.10603441248438	0.184496016422492	-5.99489590036233	2.03615833441855e-09	1.29862637424286e-06
MSTRG.1743	1652.3731432078	-1.10533783033292	0.277520398263753	-3.98290661604779	6.80775106742306e-05	0.00634050161320819
MSTRG.38790	22145.634820964	-1.100210417513	0.199537881402314	-5.51379221720173	3.51183180325314e-08	1.37373495258454e-05
MSTRG.15856	16914.8838508485	-1.09836007652167	0.322295804599673	-3.40792545495884	0.00065458774602712	0.0339899031733516
MSTRG.11458	358.847550027049	-1.09727897649621	0.321167839054879	-3.41652819200465	0.000634250963120226	0.033406920567363
MSTRG.3297	3968.28462371147	-1.09727065442927	0.25665053899221	-4.27534911377129	1.90838012162295e-05	0.00239265196616129
MSTRG.18334	330.57084892904	1.08937335012901	0.247411931377021	4.40307524405102	1.06727129064092e-05	0.0014981629246327
MSTRG.20600	4785.13900977839	-1.08652704756244	0.241720611213257	-4.49497062790336	6.9579550858148e-06	0.00106319003285226
MSTRG.36519	283.83367671765	-1.08218348774914	0.26874550681511	-4.02679658005835	5.65419083165517e-05	0.00554610239339083
MSTRG.33635	7557.40791554676	-1.07588258539586	0.292696864699782	-3.67575712332754	0.000237145056761968	0.0166843205642269
MSTRG.14103	2012.79126356607	-1.07581022369365	0.27279934311186	-3.94359535995115	8.02690520683793e-05	0.00731345791795687
MSTRG.38320	3553.28919032385	-1.07511125199795	0.218228333966946	-4.92654291243772	8.36972373331239e-07	0.000177935474556463
MSTRG.28110	2416.15867848402	1.07293463462186	0.2948773926792	3.63857881702419	0.000274146729592717	0.0184237710446446
MSTRG.24667	1872.64686468433	-1.07259870093238	0.279605552443755	-3.83611373793495	0.000124996537438014	0.0101583058597132
MSTRG.26852	173.488157199156	-1.07240133209917	0.329144696159242	-3.25814556519644	0.001121428661448	0.0495489067312672
MSTRG.5664	9261.77991440515	-1.06746961724509	0.221273934104162	-4.82419956768424	1.40566619809057e-06	0.000284409895997111
MSTRG.28803	3944.0963688925	-1.05267464706488	0.258737843874066	-4.0684989536252	4.73169735487145e-05	0.00488797665483164
MSTRG.15542	445.078525870379	-1.05235373908726	0.304770338629861	-3.45294015099456	0.000554512015524995	0.0304649316694238
MSTRG.25323	1820.87937401937	-1.04620897053692	0.224928985583431	-4.6512856838936	3.29871975922551e-06	0.000559409481480682
MSTRG.23222	5413.74852784277	-1.04422589209507	0.219181126493325	-4.7642144595277	1.895907805433e-06	0.000363543419580348
MSTRG.6545	79.8362003651856	1.03874287545598	0.310840360122929	3.34172459150794	0.000832596279193195	0.0401095396370607
MSTRG.24387	17278.0553831174	-1.03737039540998	0.305227277109363	-3.39868181256386	0.000677114412780148	0.0347293402834685
MSTRG.4311	173.176780888775	1.03702097169652	0.222185909151712	4.66735705993139	3.05098861875632e-06	0.000523408706673579
MSTRG.25399	222.519907083825	1.03035865325502	0.273098946274824	3.7728400907785	0.000161399739894205	0.0124282035932183
MSTRG.29596	704.150986511805	1.02454274241255	0.297590300459472	3.44279615575738	0.000575733097789925	0.0314541110297222
MSTRG.30167	1607.181480444	-1.01580031165101	0.186702260359731	-5.44074993893377	5.30567445957816e-08	1.85306996779886e-05
MSTRG.28853	5538.05503236197	-1.00439937387835	0.224981958579121	-4.46435518750772	8.03102436868022e-06	0.00120827791245303
MSTRG.20084	15303.2500957657	-0.99811657869652	0.257767650511814	-3.87215609373284	0.000107876826566361	0.00914708190116734
MSTRG.5194	181.342177594034	0.99668913551472	0.261412510845014	3.81270633258113	0.000137453395956123	0.0109880319633807
MSTRG.29000	80.2554572598758	0.995518207670721	0.276173026458535	3.60469022060772	0.00031252547801962	0.0199757570242693
MSTRG.13890	98888.4005343533	-0.990046536480042	0.192259476422515	-5.14953309403738	2.61135697194806e-07	6.90198115702812e-05
MSTRG.19440	6786.6673363728	-0.987542496093432	0.247473581712584	-3.99049663911343	6.59350835147717e-05	0.00624001122631088
MSTRG.41492	3800.50873863684	-0.986864931623721	0.230791548788547	-4.27600116557083	1.9028022671723e-05	0.00239265196616129
MSTRG.16580	4905.07666321087	-0.98423472901348	0.282813667178095	-3.48015263489257	0.000501128195451176	0.0281942738706096
MSTRG.3882	526.608665076996	-0.98059347114197	0.219633303076654	-4.46468480601839	8.01867097806954e-06	0.00120827791245303
MSTRG.9008	9938.45753824703	-0.980184043834266	0.280600890858579	-3.49316084077678	0.000477338908235618	0.0272454647661801
MSTRG.41059	3413.78028016139	-0.978289026735829	0.210586372454008	-4.64554764553668	3.39175479345259e-06	0.000571881046725931
MSTRG.7704	1723.02082363235	-0.977930404332483	0.214000903140738	-4.56974895890671	4.88308783525573e-06	0.00079588906061518
MSTRG.38845	268.556893462508	0.97550170016369	0.220847961563636	4.41707359785887	1.00046172462948e-05	0.00143324217582336
MSTRG.17331	621.26828595157	-0.974563638384715	0.295917951877511	-3.2933576087608	0.000989984716884326	0.0456669365156484
MSTRG.42942	6924.09126247425	-0.972910748843313	0.231791317460303	-4.19735630956036	2.70048887644097e-05	0.00314392629591369
MSTRG.11725	2140.26277318376	-0.962521076841325	0.291976397204686	-3.29657152446663	0.000978726902936135	0.0452900471267198
MSTRG.6095	2753.18289257837	-0.95247179279405	0.263412830639665	-3.61588989602781	0.000299317586872485	0.0196012932224665
MSTRG.35113	180.580374108065	0.952158535217416	0.268527245206442	3.54585447925555	0.000391342251258504	0.0232884360393955
MSTRG.40544	1758.91875752632	-0.952064023426536	0.266088525973761	-3.57799728470975	0.000346237047669722	0.021430174060199
MSTRG.25532	1743.59247030885	-0.949856867873607	0.199686685890465	-4.75673610204856	1.96748098471125e-06	0.000372399723415863
MSTRG.29826	1296.94380984167	-0.94887793543279	0.245972422619375	-3.85765983571709	0.000114477817094491	0.00948742993762198
MSTRG.4618	578.887511964423	-0.948658747997738	0.162427063238886	-5.84052145671389	5.20376823176089e-09	2.82718800710002e-06
MSTRG.38622	2328.18798476854	-0.944510256592426	0.171585607174333	-5.5046007188283	3.70005882841705e-08	1.42832007773815e-05
MSTRG.11262	987.132078067257	-0.943099994401247	0.282720113465856	-3.33580792268303	0.000850519054358888	0.0408388347246826
MSTRG.2265	3326.97078084242	-0.937057950615124	0.152654892762406	-6.13840757841658	8.33527825851079e-10	5.96439984263877e-07
MSTRG.28956	971.952551127532	-0.928619815448653	0.157878355937781	-5.88186904995779	4.05659241625208e-09	2.33357467270595e-06
MSTRG.8881	1204.34766850916	-0.928217927756301	0.262999285707762	-3.52935531843122	0.000416573413751144	0.0242488706599823
MSTRG.24579	206.152254690786	0.926503732879691	0.175039864470365	5.29310129257186	1.20259264750129e-07	3.67517323879091e-05
MSTRG.20867	4858.61325106201	-0.923371899774105	0.241962033273688	-3.81618507367089	0.000135530863662121	0.0108639466615281
MSTRG.12948	1851.95507989532	-0.914535749013167	0.191273801480343	-4.78129122721051	1.74172824630479e-06	0.000338402803245629
MSTRG.7915	1021.74986348316	-0.912814928057704	0.26920678746882	-3.39075747918662	0.000696997488922513	0.0355626301391455
MSTRG.22826	1647.75429094077	-0.911698405253836	0.261991804858164	-3.47987375310234	0.000501650111134305	0.0281942738706096
MSTRG.552	9877.11239713498	-0.908478071203109	0.131518992684054	-6.90758081903451	4.92988113555351e-12	8.0351584863816e-09
MSTRG.14240	3083.57042238631	-0.907744512436826	0.217512149453792	-4.1733048692513	3.00212789186226e-05	0.00344048547232246
MSTRG.22954	1002.90847178685	-0.900633991256282	0.254634168384206	-3.53697226484293	0.00040474216710413	0.02384402750703
MSTRG.22852	43412.2811558119	-0.894854491054689	0.204027118835152	-4.3859585733684	1.15476099239404e-05	0.00160561033150978
MSTRG.20008	814.002304717598	-0.894157276026904	0.255272109161346	-3.50276134343274	0.00046046182581843	0.026540332113676
MSTRG.23879	2403.18824123699	-0.893708799223473	0.260808716817551	-3.42668301170572	0.000611001874671742	0.0327108996334299
MSTRG.30554	309.564833412325	-0.893178887848062	0.212307283318963	-4.20701011234825	2.58771566337592e-05	0.00304893181253505
MSTRG.35376	2440.45897577011	-0.893006103990718	0.251577505777332	-3.54962619265773	0.000385778517456623	0.0231326931266748
MSTRG.25243	760.538256996283	-0.889674937822724	0.134675791758087	-6.6060494332999	3.94711138157322e-11	3.4058927562528e-08
MSTRG.13234	4323.69928018843	-0.879543800775347	0.188493547829184	-4.66617457682108	3.06859014069996e-06	0.000523408706673579
MSTRG.6080	158.470224818772	-0.874802603232896	0.255935102390974	-3.41806416962892	0.000630682355671321	0.0333386647760094
MSTRG.17207	6783.3445932719	-0.872614711514141	0.206848408763527	-4.21861940698675	2.45802785355601e-05	0.00290780730514622
MSTRG.2237	9305.06168058846	-0.871236712752885	0.206231404041827	-4.22455889684086	2.39409236387586e-05	0.00289044780952222
MSTRG.4212	1453.01422174141	-0.867295245889668	0.221122907965117	-3.92223154928157	8.77326181067765e-05	0.00779969560611094
MSTRG.10806	1095.42707971443	-0.862347175721114	0.203545260020017	-4.23663599749908	2.26893516024901e-05	0.00277358415547439
MSTRG.20637	223.402458741958	-0.861933959530413	0.204192633924871	-4.22118047533264	2.4302625978838e-05	0.00290780730514622
MSTRG.3813	2585.3131676265	-0.861074216704719	0.168245438644556	-5.11796470467096	3.08850380472246e-07	7.94829163359188e-05
MSTRG.2543	10080.817155319	-0.860792435292984	0.168165456360703	-5.11872327362313	3.07610920677275e-07	7.94829163359188e-05
MSTRG.43373	14349.1084446634	-0.85536627916415	0.233199238222095	-3.66796343626781	0.000244490136132433	0.016964501765598
MSTRG.20841	226.028975356129	-0.854658321535139	0.229659483129455	-3.72141533146873	0.000198109291557746	0.0144940907623969
MSTRG.36336	12335.9458245036	-0.853594832455428	0.249984144194513	-3.41459589449499	0.000638767038168694	0.0334645488674877
MSTRG.15000	2118.43625016641	-0.853243831417353	0.193179119664635	-4.41685329604261	1.00148151218143e-05	0.00143324217582336
MSTRG.37669|LOC111108127	114.694761435338	0.853010979657246	0.245404821585091	3.47593406742204	0.000509077424801657	0.0285025066580744
MSTRG.34094	287.021658457598	-0.84977046887564	0.237643570683855	-3.57581930969266	0.000349132743181503	0.0215186059232331
MSTRG.20846	591.235897471883	-0.848324874104635	0.180463306621359	-4.70081641518715	2.59123399426346e-06	0.000460737108628493
MSTRG.35375	1985.30205552561	-0.846898401794339	0.25836408143646	-3.27792623914954	0.00104572717453264	0.0474915539418554
MSTRG.37147	764.630339567133	-0.846697088604586	0.256498590526218	-3.30098144737384	0.000963472533389651	0.0449385646813761
MSTRG.1269	139.147816836228	0.843634859989962	0.249120307446357	3.38645559905477	0.000708017326205529	0.0358753235167838
MSTRG.1470	991.368938805096	-0.843379157446416	0.238236094118023	-3.54009815585963	0.00039997824039315	0.0236107879610749
MSTRG.20960	3547.26563402304	-0.84100553416996	0.246678433361614	-3.4093192611496	0.000651252155051968	0.0338766590867281
MSTRG.242	631.877077384356	0.833144322562348	0.251317270891295	3.31510970021124	0.000916071671969163	0.0432274326676824
MSTRG.25122	188.061625865657	-0.829029846525337	0.239421687729465	-3.46263471111315	0.00053491406908392	0.0295542541596686
MSTRG.18688	662.37834838847	-0.827880401279914	0.245389905524472	-3.37373454507219	0.000741558417216575	0.0369369114504242
MSTRG.26851	2105.21802153155	-0.82782909788481	0.233740749157963	-3.54165502107362	0.000397625134986296	0.0235844038147141
MSTRG.32673	1301.69101421343	-0.825633406551392	0.214555696290104	-3.84810760481997	0.000119033770459209	0.00980958639812436
MSTRG.20984	815.609710759855	0.824751780651278	0.248625450347893	3.31724599994582	0.000909095339830427	0.0430178049676533
MSTRG.10409	1930.66492403045	-0.820575811851948	0.227212489338354	-3.61149078662655	0.000304441901679529	0.0197722627025374
MSTRG.41429	5046.70325390136	-0.819877968096993	0.1890580375458	-4.33664698279951	1.44672696458039e-05	0.00192054641117011
MSTRG.36120	915.495796526057	-0.81414727278387	0.230237052957939	-3.53612618961294	0.000406040689568566	0.0238674766978778
MSTRG.41850	298.287522183759	0.812767544024403	0.237730063956524	3.41886730898723	0.000628823830647629	0.0333004215587367
MSTRG.15843	35693.8983732903	-0.810678629624206	0.163263069616017	-4.96547462650839	6.85332533645139e-07	0.000149213652064565
MSTRG.9644	160.791794784192	0.810421053014534	0.201647652572387	4.01899572187487	5.84467320110752e-05	0.00567784842298319
MSTRG.8730	5383.88898011764	-0.808691810727052	0.244755107053677	-3.3040855427368	0.000952867523875969	0.0445856896578519
MSTRG.9040	2472.43223188323	-0.808621557185088	0.202775844786201	-3.98776076133558	6.66998742822216e-05	0.00627192599901223
MSTRG.15421	1074.30057043637	-0.791672298139607	0.190970902440386	-4.14551268294257	3.39054231882144e-05	0.00378219507793093
MSTRG.8855|LOC111120141	2360.5196282026	0.791509059633753	0.168594854459132	4.69474031205157	2.66945626488222e-06	0.000468961125144398
MSTRG.15118	4628.31112988928	-0.787724686431122	0.220665065398542	-3.56977523836144	0.000357287647469833	0.0218833089801043
MSTRG.6071	163.925179991035	0.786301147008941	0.181793773409507	4.32523695538089	1.52367988645292e-05	0.00198674313372248
MSTRG.9206	763.74383070559	-0.783722208638867	0.224395629411672	-3.4925912358171	0.000478358151400506	0.0272506241665787
MSTRG.3238	1345.7704767925	-0.777008323255833	0.230645811476792	-3.36883777893368	0.000754858418144008	0.0374721425913856
MSTRG.42363	4043.3616861304	-0.773207911475253	0.157288637804007	-4.91585356876651	8.83964544039312e-07	0.000183927317681031
MSTRG.8905	661.590131369891	-0.771697508243101	0.220620538224869	-3.49784981240751	0.000469025175039093	0.0269198536203861
MSTRG.22930	752.086938067997	-0.769274658692048	0.229138602095559	-3.3572460146686	0.000787230329625782	0.0385572010193008
MSTRG.31352	1516.79248465815	-0.766555863106586	0.174351858789293	-4.39660275737572	1.09958316906415e-05	0.00153617004828591
MSTRG.776	472.426194943722	-0.765929911096648	0.200639365519108	-3.81744583927975	0.00013484037527678	0.0108382107667676
MSTRG.31094	206.158444861694	-0.764634905252264	0.233488695165561	-3.2748262382043	0.0010572698330881	0.0478675653752141
MSTRG.27070	908.857753506357	-0.764587223736989	0.211701670843094	-3.61162583503498	0.00030428337537887	0.0197722627025374
MSTRG.6543	2892.10171786799	-0.763412987051749	0.150024920495527	-5.08857451502207	3.6076502486203e-07	9.04626008495917e-05
MSTRG.14325	1060.67334564838	-0.762752617064251	0.220834656254268	-3.4539534238051	0.000552432775331094	0.0304076412057479
MSTRG.13926	7894.19763448475	-0.762072086161956	0.153117144451197	-4.97705262786463	6.45597729280127e-07	0.000144584321997102
MSTRG.13908	515.136359744494	0.759518189735907	0.196819531408762	3.85895741291301	0.000113871776913297	0.00946393821836351
MSTRG.31628	1650.32420658477	-0.759121433907271	0.206744452615952	-3.67178622837059	0.000240861118640399	0.0168648770851361
MSTRG.13817	11149.0714098322	-0.757214432240042	0.189073164388413	-4.00487522747806	6.20502242909417e-05	0.00594911594852172
MSTRG.20842	771.832755486663	-0.752139781409514	0.197899029390797	-3.80062390262785	0.000144332226462652	0.0112917836265634
MSTRG.24980	1967.31202581704	-0.749457997338228	0.162143783189793	-4.62218151442149	3.79725524832961e-06	0.000632976559519853
MSTRG.14038	1051.10844826288	-0.746734444241134	0.152521862442046	-4.89591742642713	9.78481495951367e-07	0.000202159789635361
MSTRG.1630	166.258064458865	-0.746303386456377	0.18105777561987	-4.12190740718717	3.75748235550505e-05	0.00408285249428916
MSTRG.27687	2161.15808212413	-0.738823147912166	0.17328556679675	-4.26361618898558	2.01144831586674e-05	0.00250050299537706
MSTRG.8069	1921.89241900748	-0.733393211579884	0.201288271966339	-3.6434969827876	0.000268958806542689	0.018223356735218
MSTRG.35930	764.207496959048	0.733148553640879	0.177366281357913	4.13352835740765	3.5723619562982e-05	0.003954941700901
MSTRG.25690	844.201740993047	-0.733134256311877	0.189521453159787	-3.86834442269585	0.00010957681516342	0.00921135989474042
MSTRG.42078	25569.2849842896	-0.732361753996604	0.217902671520282	-3.36095812358334	0.000776726009311443	0.0381701635865647
MSTRG.27882	574.311239255027	-0.730842866866173	0.202098772889911	-3.61626573192646	0.000298883559662733	0.0196012932224665
MSTRG.7377	29695.5905642376	-0.729195154163202	0.209847281066257	-3.47488492802042	0.000511072534542141	0.0285273360230264
MSTRG.24874	1779.62623840892	-0.72282635533342	0.19196453665755	-3.76541609152991	0.000166271955896022	0.0126787431099707
MSTRG.26210	2493.02337958456	-0.722161580090583	0.163870061417695	-4.40691590546143	1.0485287280699e-05	0.00147892960692859
MSTRG.29371	287.668681396564	0.720863522050894	0.210260046973881	3.42843793876086	0.000607065314882628	0.0325987599560711
MSTRG.3094	2985.78253461722	-0.717065413710292	0.215269183648991	-3.33101748032598	0.00086529168566665	0.0412779308521759
MSTRG.2209	409.268705452356	-0.71202544429471	0.189525277017258	-3.75688908361217	0.00017203870142521	0.0130420450191546
MSTRG.34755	1752.62333832398	-0.711482533219922	0.177537972583462	-4.00749497623923	6.13661665065124e-05	0.00590282161628873
MSTRG.31421	295.232698800077	-0.70245593804277	0.207776156778898	-3.38083035576733	0.000722671453201816	0.0363043409144433
MSTRG.25702	590.672099056763	-0.700971511989092	0.189933083158846	-3.69062356241988	0.00022370498935287	0.0158911791226017
MSTRG.5633	447.889548545852	-0.698480373609562	0.205422048429218	-3.40022105197845	0.00067331396705461	0.0345948952109425
MSTRG.40122	1602.4964023716	-0.698423027026567	0.197213463385368	-3.54145713501214	0.000397923508360607	0.0235844038147141
MSTRG.24419	1077.3708135845	-0.697045833130154	0.192476127912454	-3.62146641607005	0.000292937838012813	0.0193128321159998
MSTRG.23553	2739.53422048832	-0.697001514909622	0.209148151401008	-3.33257315563471	0.000860468451664236	0.0411146961480869
MSTRG.20031	237.420236485277	0.695449021729994	0.210874207164668	3.29793307147768	0.000973993473912372	0.0451919880102032
MSTRG.12760	209.658507634156	0.694549793103563	0.209813282081784	3.31032328464712	0.00093188273651307	0.0436734436482755
MSTRG.23015	635.93815466717	-0.690330041690944	0.179328994615746	-3.84951715794838	0.000118350893497619	0.00978078454488207
MSTRG.6677	968.17970538578	-0.689369452020194	0.192771848729431	-3.57608985214316	0.000348771819185307	0.0215186059232331
MSTRG.6381	1718.96193516393	-0.688061486443104	0.193967143763181	-3.54730947259385	0.000389187135552958	0.0232072605342534
MSTRG.9517	1550.65194946394	-0.683461871321465	0.181496216365629	-3.76570864675555	0.000166077367322576	0.0126787431099707
MSTRG.1085	3418.58496221828	-0.681728050800523	0.124076624103742	-5.49441166476709	3.92015084733329e-08	1.44303338818759e-05
MSTRG.22855	5602.73326609613	-0.680477395482939	0.177140262728441	-3.84146091352548	0.000122304213550614	0.0100227961372847
MSTRG.4978	4473.64749756662	-0.678808513825724	0.175152465373921	-3.87552931314202	0.000106393170251518	0.00907372915360182
MSTRG.13341	313.678350880562	0.675126379766959	0.184479484573823	3.65962850192589	0.0002525811583137	0.017416781842651
MSTRG.20210	9249.33732687251	-0.67499755907869	0.18823389869444	-3.58595111592738	0.000335851873256232	0.0209197924789625
MSTRG.19996	2249.32875158223	-0.674311946089492	0.158210296861007	-4.26212427046957	2.02492777921203e-05	0.00250663844668871
MSTRG.4432	7235.84414704147	-0.67260779189177	0.117622672389453	-5.718351557808	1.07562423846857e-08	4.85487137049089e-06
MSTRG.35848	289.277954775756	0.672039531080088	0.196509369245698	3.41988544189884	0.000626475117783323	0.0332962445752303
MSTRG.16523	1806.11718197022	-0.665107404056839	0.125163669473735	-5.31390144483108	1.07302667630888e-07	3.31373227679474e-05
MSTRG.36997	992.298115704732	0.661661339078081	0.190115975184097	3.48030373795452	0.000500845623855193	0.0281942738706096
MSTRG.27472	2589.2453276509	-0.655895394221968	0.176516845177842	-3.71576658058412	0.000202588543567598	0.0147103416418351
MSTRG.1218	367.86678450836	0.655610228339019	0.180402919446134	3.63414422755379	0.000278904820068233	0.0185966127526405
MSTRG.4607	4044.27942719867	-0.655489734927789	0.175495509377823	-3.73507981629656	0.000187655660209407	0.0139339500519222
MSTRG.11126	6902.82131746438	-0.652486049040976	0.147578287897844	-4.42128756428342	9.81144953951761e-06	0.001424991616784
MSTRG.5273	3539.24964209355	-0.652418537724006	0.192032930841924	-3.39743050769276	0.000680218621010001	0.0347669928627028
MSTRG.37914	2331.36154191938	-0.648571002409879	0.181973558365931	-3.56409474120227	0.00036511407251428	0.0221316459905453
MSTRG.40281	44292.4984537884	-0.642785148524999	0.156635648893134	-4.10369640032293	4.06600969322139e-05	0.00435359826203391
MSTRG.23262	951.408049129256	-0.639070336648488	0.17272149949995	-3.7000045651449	0.000215595588620556	0.0154271789730484
MSTRG.41427	1425.84895148372	-0.638910142717864	0.165279260817941	-3.86564012663173	0.0001107982120533	0.00928742270062773
MSTRG.24927	9247.36522107518	-0.630378198481424	0.140097421055203	-4.49957032565957	6.80909514357008e-06	0.00105790662026901
MSTRG.8933	3306.55508597948	-0.628466962021321	0.132097588566159	-4.75759602308382	1.95912071503125e-06	0.000372399723415863
MSTRG.22178	4320.49748805248	-0.626992497731288	0.126279616417392	-4.96511246644028	6.86612687596847e-07	0.000149213652064565
MSTRG.9693	7104.56385936527	-0.621977088760152	0.184218950228024	-3.37629265605017	0.000734697250899145	0.0367825050288039
MSTRG.26213	2659.84220036014	-0.621541175219165	0.17330731232513	-3.58635286001744	0.000335335135109755	0.0209197924789625
MSTRG.9384	4915.30193846728	-0.619909908283753	0.18180283617475	-3.4097922855719	0.000650123732731588	0.0338766590867281
MSTRG.34649	195.564685821205	0.617759818524481	0.18892963110565	3.26978788297654	0.0010762815815898	0.0484293696942969
MSTRG.22494	3358.13667002172	-0.617652150795682	0.158625614800873	-3.8937730931479	9.86969753356549e-05	0.00844190047346194
MSTRG.9388	291.84168137341	0.615781149014908	0.188754067414401	3.26234638251789	0.00110494040811404	0.0488940297032424
MSTRG.11362	9886.08771666179	-0.614480487944091	0.117196087339125	-5.24318261723192	1.57830187399576e-07	4.64866781636637e-05
MSTRG.9969	52854.4730626813	-0.612153908440139	0.18189267561827	-3.36546761082804	0.000764140378868489	0.0377413306990635
MSTRG.42352	755.945708992696	-0.60960754961487	0.163026415945473	-3.73931761965965	0.000184520464621697	0.0138098504874269
MSTRG.28481	232.929760545263	0.608668683682724	0.155579564155971	3.91226628628759	9.14340105472157e-05	0.00805552853283548
MSTRG.39414	900.614990027871	0.608204650479867	0.167166616555664	3.6383140546327	0.000274428657253722	0.0184237710446446
MSTRG.1849	3637.79881625112	-0.608165237919192	0.140669825387325	-4.32335247623043	1.53675912078096e-05	0.00199493093298548
MSTRG.5189	1407.98006928974	-0.608085996297746	0.178529421186899	-3.40608283080216	0.000659021814438566	0.0341328134289986
MSTRG.4693	245.27754290699	-0.605526467993447	0.160819693086981	-3.76525073745753	0.000166382033449408	0.0126787431099707
MSTRG.4237	4411.10886661857	-0.598102054736823	0.103150465261642	-5.7983456809403	6.69722914961616e-09	3.33022557273625e-06
MSTRG.4670	2505.79392305744	-0.598052459707678	0.143448727910099	-4.16910256661518	3.05801359402769e-05	0.003477364450449
MSTRG.10202	3556.09488406926	-0.595617729187075	0.142798817324578	-4.1710270459261	3.03229866188065e-05	0.00346154000553519
MSTRG.13928	33635.5382850542	-0.595440869484308	0.0995905539346896	-5.97888902068756	2.24664543501801e-09	1.40238476111826e-06
MSTRG.25257	7138.79922159877	-0.59341173128845	0.176936072483409	-3.35381995858472	0.000797042052689388	0.0389078531477559
MSTRG.12994	1420.24401948202	-0.592978383265313	0.168924432256776	-3.51031745581922	0.000447571999521139	0.0259503306757928
MSTRG.14226	1154.19913262652	-0.591014690979784	0.18110334285259	-3.26341127485893	0.00110079646008924	0.0488344040182936
MSTRG.28302	725.712328833318	0.590580559035961	0.163535217984274	3.61133562736775	0.000304624130531969	0.0197722627025374
MSTRG.27413	5649.35510969812	-0.58960256333265	0.172257709350476	-3.42279347354516	0.000619811501663196	0.0330618724287179
MSTRG.20101	13195.4270883904	-0.580668345915923	0.140561114461251	-4.13107386165465	3.61072533258834e-05	0.00397269007322618
MSTRG.7411	944.069250947868	-0.579337177809107	0.165923064995188	-3.49160122991887	0.000480134485872461	0.0272988091986943
MSTRG.4748	528.570453207742	-0.576322740951247	0.129626231628925	-4.44603483190855	8.74697718476592e-06	0.00130927967676869
MSTRG.10903	1390.44006666742	-0.576194236727036	0.153278914229817	-3.75912264007251	0.000170510245898935	0.0129596621610957
MSTRG.14155	10991.0009523468	-0.565986581556575	0.137017155199839	-4.1307716594399	3.6154756614336e-05	0.00397269007322618
MSTRG.39095	344.483475513711	0.563530857077067	0.158147298572721	3.56332901138958	0.000366181249837551	0.0221505680571836
MSTRG.20650	725.735571624248	0.563163010429849	0.168043761470844	3.35128781634395	0.000804366542907457	0.0391908579196122
MSTRG.31825	1184.05582980092	-0.561593314375607	0.142486315598107	-3.94138420955191	8.10127405497444e-05	0.00735836465092385
MSTRG.17141	2538.56032449258	-0.56138405846757	0.134983061613928	-4.15892225109854	3.19752704247561e-05	0.00360804032200574
MSTRG.15614	24756.2373638341	-0.559855831780239	0.150122991047105	-3.72931439665073	0.000192001470179468	0.0141531133972995
MSTRG.23325	3249.86075805889	-0.557919806600827	0.142372317798416	-3.91873796274626	8.90138214424031e-05	0.00788969031262001
MSTRG.5683	437.079439456384	-0.556461147986286	0.154587362809251	-3.5996548351298	0.000318639856960491	0.0202782128492557
MSTRG.3471	630.027355087685	-0.555006242792721	0.16378825710125	-3.3885594279792	0.000702608017720872	0.035724634356837
MSTRG.12959	1099.79458749511	-0.554464301562795	0.149698317217829	-3.70387798518793	0.000212328415523255	0.0152678702319148
MSTRG.39074	835.88209031597	0.554405754110508	0.146487622570272	3.78465937519434	0.000153919245282245	0.0119779385095239
MSTRG.26139	547.616532016505	-0.553178129331147	0.135677468037444	-4.07715545796067	4.55900131705818e-05	0.00474297803687422
MSTRG.33835	4573.91365667208	-0.553010623203665	0.168453159436312	-3.28287474722457	0.00102754309755115	0.0470285731379623
MSTRG.21156	22495.8994605933	-0.552867199998172	0.166307239299883	-3.3243724225453	0.000886177684094894	0.0421372461847261
MSTRG.229	2899.51846674478	-0.552149115079098	0.124463015842845	-4.43625049047725	9.15393238934906e-06	0.00136323892608489
MSTRG.6548	835.54115038017	-0.551437346951055	0.150811227281944	-3.6564741026882	0.00025570823141703	0.0174871051126173
MSTRG.22762	1482.81358819995	-0.550992908841614	0.150573050469	-3.65930627775289	0.000252898938747335	0.017416781842651
MSTRG.36127	463.745656496161	-0.54778147567138	0.150136637946521	-3.64855296590898	0.000263721537004115	0.0179098667884878
MSTRG.13351	700.501554136161	-0.546529437414642	0.14147607389797	-3.86305205082798	0.000111979135996584	0.00933307923826076
MSTRG.8879	678.889242275291	-0.54204390914249	0.163276707888707	-3.3197871034487	0.000900861199179655	0.0427661259895351
MSTRG.26234	1315.91689941013	-0.540193622529192	0.127277099942903	-4.24423264492612	2.1934270289487e-05	0.00269250050942665
MSTRG.35794	523.125690473013	0.538501817086536	0.159045056619395	3.38584441750494	0.000709596018624664	0.0358933241282938
MSTRG.8018	789.884068574031	-0.537696225294689	0.129640907757424	-4.14758145863027	3.36005936390871e-05	0.00376249700833412
MSTRG.13973	597.198311257258	0.536326600138356	0.151133557677145	3.54869301286528	0.000387148146608404	0.0231326931266748
MSTRG.2970	1122.64212353362	-0.533629569947135	0.15233306040957	-3.50304502852101	0.000459971699388644	0.026540332113676
MSTRG.39659	1788.22125985265	0.533612425913815	0.163351473385154	3.26665205312016	0.00108827347484299	0.0485469000221968
MSTRG.38975	830.607351201552	0.53075904303179	0.149216515532238	3.55697250494446	0.00037515340397205	0.0226001038310718
MSTRG.8315	770.355230705266	-0.530698509746094	0.154714593336256	-3.43017745321978	0.000603186631840946	0.0325717385605999
MSTRG.27363	1346.0023706158	0.529927929436518	0.156696953710705	3.38186491113844	0.000719955398843008	0.0362299339472662
MSTRG.33238	752.546537118519	0.527977744531289	0.130816028024169	4.03603252984979	5.43626819527048e-05	0.00544252834942498
MSTRG.23607	4714.4782960442	-0.526753933933761	0.131585881845325	-4.00311892542502	6.25128578703482e-05	0.00597394861303021
MSTRG.25033	1310.26131333305	-0.525730009185594	0.159318684855873	-3.29986410358077	0.000967316571663184	0.0450462437769119
MSTRG.19223	414.923460406484	-0.525643895715129	0.131408281277439	-4.00008196291184	6.3320549032123e-05	0.00601196850325057
MSTRG.671	1576.79190724674	-0.523310199706748	0.136789426317583	-3.82566265386465	0.00013042078770951	0.0105698482591757
MSTRG.16763	18035.3203531224	-0.522581462516118	0.146012717880966	-3.57901332226514	0.000344893888211903	0.0213921710197903
MSTRG.22497	1902.1403990877	-0.520850449198933	0.129017489562897	-4.03705304578117	5.4126833524686e-05	0.00544252834942498
MSTRG.13820	4785.46283138763	-0.518701800624483	0.158793911341021	-3.2665093783762	0.00108882201290495	0.0485469000221968
MSTRG.4569	3635.86731142182	-0.516452240497482	0.133501745162811	-3.86850553801858	0.000109504449753192	0.00921135989474042
MSTRG.35146	1776.64171303246	-0.509817674455292	0.141314534161402	-3.60768039523101	0.000308946726689102	0.0199020773358953
MSTRG.29159	5102.58924155478	-0.508908242508237	0.153378958776905	-3.31797951013908	0.000906711355515914	0.0429743097708011
MSTRG.10151	2210.06164394573	-0.502261497436957	0.142983540836283	-3.51272247490395	0.000443540500539651	0.0257675073363016
MSTRG.11890	349.041663928552	0.500510962268638	0.147022112047904	3.40432439241219	0.000663279329239292	0.0342593115514478
MSTRG.7410	1684.38248273141	-0.498802659563468	0.146629507020407	-3.40178910574968	0.0006694627760593	0.034457366533382
MSTRG.12892	2189.19520167024	-0.496748299849533	0.139476606296447	-3.56151696718037	0.000368718275393455	0.0222581414886691
MSTRG.36462	7930.91612472275	-0.496277263930993	0.127393814037693	-3.89561508680598	9.79498382553988e-05	0.00842713300509352
MSTRG.33921	3255.91119467933	-0.492491789210845	0.122342857448376	-4.02550503954559	5.68531627814258e-05	0.00554610239339083
MSTRG.43502	499.039552258482	0.4877656570343	0.134572739465357	3.62455025417585	0.000289464733061124	0.0191700143082331
MSTRG.15070	3319.7166810529	-0.484055629367008	0.118083384696002	-4.09926960184263	4.14456023480661e-05	0.00440554739741871
MSTRG.36491	5703.90905249303	-0.480685918950993	0.106426625153484	-4.51659458577935	6.28420540792493e-06	0.000996573071663252
MSTRG.9940	930.063817118902	0.48030576342854	0.129860148981659	3.69863862928708	0.000216758951187613	0.0154726863988861
MSTRG.3050	3805.47544870916	0.479842108049146	0.116362591799153	4.12368013319415	3.72866607709543e-05	0.00406795883102084
MSTRG.8277	722.353441702916	0.469730756553534	0.137920190264221	3.40581575223791	0.000659666821672992	0.0341328134289986
MSTRG.24104	1366.58349933606	-0.467497192698194	0.0898440491886871	-5.20342968643781	1.95643796803988e-07	5.57261913653921e-05
MSTRG.3928	430.798703295421	0.46707714431709	0.140264985928872	3.32996250792014	0.000868576786034542	0.0413673794621451
MSTRG.32362	863.112674809426	-0.464703100894128	0.127605117589035	-3.6417277745141	0.000270814364059918	0.0183068014119582
MSTRG.39640	26072.89061614	-0.464058799181023	0.115231715754602	-4.02717946306802	5.6449946151677e-05	0.00554610239339083
MSTRG.21954	369.419496496933	-0.461733248726895	0.135719733005526	-3.40210843701037	0.000668681002409339	0.034457366533382
MSTRG.1425	1291.08297363757	-0.460872127961683	0.106782535861688	-4.31598785552945	1.58890715041805e-05	0.00204453324469144
MSTRG.37594	3909.2095030554	-0.460232912799343	0.119836406221058	-3.84050996948598	0.000122778985736621	0.0100336765558245
MSTRG.37560	4857.95616580802	-0.459440342254147	0.132609889996747	-3.46460088508797	0.000531018923399478	0.0293944022164036
MSTRG.4984	1145.01418848291	-0.456143879316187	0.139667027138466	-3.2659382007463	0.00109102056741591	0.0485711098738208
MSTRG.9463	6991.8560174464	-0.45436190076712	0.0881825998033492	-5.15251196699083	2.57020210434851e-07	6.85496266703424e-05
MSTRG.20183	4017.26364581298	-0.451396802730219	0.125142969097692	-3.60704884968678	0.000309699372258934	0.0199020773358953
MSTRG.16940	1601.35433626588	0.446576387136325	0.102484639698084	4.35749580085291	1.31559021878574e-05	0.00176241031227105
MSTRG.18136	2222.36572144913	-0.442455991329683	0.128440406253566	-3.44483487895693	0.000571408336794778	0.0312760779568754
MSTRG.43424	2102.94116759565	-0.439504436311219	0.120245063199566	-3.65507260436788	0.000257109205019466	0.0175420229229328
MSTRG.9716	2889.85125321673	-0.435391699547238	0.09683283619244	-4.49632290726222	6.91387128783108e-06	0.00106198510912245
MSTRG.8732	11068.1999906902	-0.433794376277772	0.109348392423	-3.96708508159586	7.27570246037861e-05	0.0067548911007148
MSTRG.5204	1117.1724472611	-0.431961751285771	0.128779279131169	-3.35427992919414	0.000795718200489841	0.0389078531477559
MSTRG.25837	1405.12698124756	-0.427062451113789	0.126824073428669	-3.36736109768613	0.000758912463040324	0.0376097531092517
MSTRG.24479	902.612264298839	-0.425696220500766	0.124502229483976	-3.41918552193924	0.000628088872191253	0.0333004215587367
MSTRG.10288	711.756453137711	0.424107978556438	0.121263440495338	3.49741007532063	0.00046979906788594	0.0269198536203861
MSTRG.43275	1285.29424600531	0.422584689936165	0.118278191452104	3.57280310721769	0.000353180313031992	0.0217224403013262
MSTRG.21250	2125.0140424716	-0.420995078732823	0.117304959043375	-3.5888941283135	0.000332083658488125	0.0207732843768115
MSTRG.27417	4904.20279513561	-0.420858906519738	0.117059574197109	-3.59525403544594	0.000324075189081464	0.0204602848082008
MSTRG.5907	2571.63999684838	-0.414762113470199	0.126612942661935	-3.27582713702218	0.00105353022696471	0.0477719780505266
MSTRG.20012	12613.348530647	-0.40865314049602	0.121584755507506	-3.36105574083086	0.000776451541408349	0.0381701635865647
MSTRG.39150	3375.15922906464	-0.408446287173467	0.109350797584658	-3.73519257467925	0.000187571595230599	0.0139339500519222
MSTRG.39884	832.993122289592	0.408061366709114	0.115555449486332	3.53130353023619	0.000413516931248551	0.024166852049741
MSTRG.17884	3545.04665923642	-0.40005452231707	0.119402912975949	-3.35045864750093	0.00080677854473674	0.0391908579196122
MSTRG.21242	1131.69671881052	-0.399952634799394	0.096020090947903	-4.16530156190327	3.10941280756945e-05	0.00352216034550087
MSTRG.33947	2010.60157912179	0.399787361119946	0.121486915183989	3.29078535342245	0.000999081150240378	0.0460141958960004
MSTRG.24986	2603.28482303602	-0.395280169679821	0.114889147171004	-3.44053532829759	0.000580564639324494	0.0316003810547347
MSTRG.10563	6189.67170964288	-0.388485208186491	0.113748751327451	-3.4152920682896	0.000637136537708137	0.0334645488674877
MSTRG.19894	8775.94436285551	-0.385799936553715	0.109166569525858	-3.53404836507509	0.000409246184221646	0.0239649991071749
MSTRG.29473	2060.12853754393	-0.378741967402066	0.0949293488924092	-3.98972469337511	6.61500295489472e-05	0.0062402236878039
MSTRG.9827	5209.07573533426	-0.375396233441804	0.102731943904585	-3.65413345814289	0.000258052023632953	0.0175654994648343
MSTRG.13476	30837.7970457472	-0.366355743528047	0.101868939004786	-3.59634396026088	0.000322721020034031	0.0204523637247715
MSTRG.11615	1298.08538791854	0.365938587631336	0.0960217643006589	3.81099629127336	0.000138407843961543	0.0110342644732167
MSTRG.6102	24454.2426025549	-0.361773224277148	0.0918196008792395	-3.94004352897318	8.14668257169236e-05	0.00737677078050341
MSTRG.2883	4973.40735819846	-0.359283381447463	0.0954076679455179	-3.76577050025612	0.000166036253871053	0.0126787431099707
MSTRG.2743	6975.51691082497	-0.356675598513383	0.0953371685934104	-3.74120192340216	0.000183142299966393	0.0137669733404177
MSTRG.487	15519.8096008306	-0.354147346167323	0.0960241775479565	-3.68810600841079	0.000225929526334339	0.0159718564905948
MSTRG.8156	1944.47430277837	-0.337640224242344	0.0923290478722503	-3.65692305968014	0.000255260958540568	0.0174871051126173
MSTRG.28923	3292.86643149229	0.32791556745024	0.0792086991629328	4.13989335660866	3.47467314222804e-05	0.00386136214570781
MSTRG.28530	58450.1235816888	-0.31686691537023	0.0968962832348463	-3.27016583909874	0.00107484450273637	0.0484293696942969
MSTRG.25951	2562.16795185569	-0.313283904116052	0.0872919911824612	-3.58891921094128	0.000332051713545722	0.0207732843768115
MSTRG.11626	11268.4352504932	-0.306179602248057	0.0873451213407847	-3.50540015913963	0.000455921465094243	0.0263822957454337
MSTRG.29167	2529.47334833047	-0.295785189258174	0.0794340474419499	-3.72365753456454	0.000196357241122179	0.0144018218501062
MSTRG.5836	5412.59455460828	-0.28495917925444	0.0838593156589647	-3.39806230250316	0.000678649629315271	0.0347473347728646
