baseMean	log2FoldChange	lfcSE	stat	pvalue	padj
MSTRG.18697	525.709203825987	3.13040949023531	0.236465724093282	13.2383223921299	5.27131478997134e-40	1.54649833308179e-35
MSTRG.27587	199.353153235043	3.7528881932946	0.288206732384906	13.0215146684448	9.23212346551634e-39	1.35426019115659e-34
MSTRG.36870	507.130038833681	-3.29598146260219	0.309662119768104	-10.6437993289926	1.86371427191885e-26	1.82258831031851e-22
MSTRG.3386	341.29706914975	3.20572415059792	0.311987089891845	10.2751820650951	9.11721294799058e-25	6.68701983670369e-21
MSTRG.29474|LOC111100928	3.05873921280983	-30	2.94354241594881	-10.1918014965414	2.15728961236157e-24	1.26581125294928e-20
MSTRG.20796	1175.29806139097	-1.74089017048206	0.184415409881298	-9.44004718262221	3.72611578356083e-21	1.8219464143018e-17
MSTRG.11095	5.62947098536889	-30	3.22180055656401	-9.31156335511794	1.25964401688643e-20	5.2793480239163e-17
MSTRG.30530|LOC111100574	4.09856314107324	-30	3.47427301982913	-8.63489997152713	5.87784482088017e-18	2.15555264193728e-14
MSTRG.38291	19.917431702378	17.616595078244	2.08014495119729	8.4689266813374	2.47664499690679e-17	8.07331232436126e-14
MSTRG.37447	3545.30448070147	2.12685387761431	0.253100224665646	8.4032081774086	4.3444353998862e-17	1.27457045761861e-13
MSTRG.8010	207.52215006512	-3.10022976066562	0.380637983821137	-8.14482498447246	3.79830889561107e-16	1.01304351254034e-12
MSTRG.957	107.673761530042	-2.35663229315426	0.289953791224577	-8.12761331107751	4.37825291979573e-16	1.07040986800806e-12
gene13796|LOC111131197	2.34306356581985	-30	3.86884511368549	-7.7542520102134	8.88656988318383e-15	2.00549374794498e-11
MSTRG.26769|LOC111135893	2.14944970431808	-30	3.88681478863176	-7.7184022474507	1.17796950033842e-14	2.46851922863776e-11
MSTRG.21387	12.9218151127205	17.3502636342208	2.26093015688168	7.67394940591647	1.66779886190403e-14	3.07734806745873e-11
MSTRG.12342|LOC111124588	8.5950871899376	-23.2202391618215	3.02616945225565	-7.67314571380447	1.67828649121752e-14	3.07734806745873e-11
MSTRG.18418|LOC111129337	2.17274328457508	-30	3.91399631525583	-7.66480026643539	1.79109711493163e-14	3.09101218575672e-11
MSTRG.4928	8.09632010399263	19.0222693890758	2.48622370610061	7.65106910629147	1.99315185268589e-14	3.24861605856104e-11
MSTRG.22091	816.914603100252	2.66546027643753	0.355201611880236	7.5040770854842	6.18628938667396e-14	9.55228200138109e-11
MSTRG.19033|LOC111128823	4.29236291249574	22.9757133565064	3.1243452925965	7.35376893551106	1.92694724805161e-13	2.8266389181669e-10
MSTRG.22712|LOC111132811	5.13649985972391	-30	4.09425515218934	-7.32734011068117	2.34765496717136e-13	3.13070461031242e-10
MSTRG.2084	1175.11163542893	-1.2798917286885	0.174529358716734	-7.33338928246339	2.24403880399923e-13	3.13070461031242e-10
MSTRG.12420|LOC111126460	5.76737369180187	-30	4.14110982488646	-7.24443476956629	4.34246342411379e-13	5.5390953015935e-10
MSTRG.14170	11779.8623015035	-1.9490587769462	0.273567762530721	-7.12459230910781	1.04389210317763e-12	1.27607110512605e-09
MSTRG.42679	6.19482036421221	-24.6002788796882	3.54510481483795	-6.93922469562094	3.94257628429266e-12	4.62669212114312e-09
MSTRG.552	9877.11239713498	-1.00456552532368	0.145499761228133	-6.90424174475854	5.04722865020853e-12	5.69521515922376e-09
MSTRG.8013	100.636385560021	-3.47009050153426	0.503789251170629	-6.88798042727387	5.65899946715519e-12	6.14902690249626e-09
MSTRG.11412|LOC111126786	74.2948560323908	22.4721292339445	3.32203969020626	6.76455772042542	1.33717043446386e-11	1.40106807879645e-08
MSTRG.4432	7235.84414704147	-0.878505770258463	0.130140158497648	-6.75045873925489	1.47378428948211e-11	1.49096149947677e-08
MSTRG.31479|LOC111101479	3.16316749159343	-30	4.48048063009457	-6.6957102321781	2.14626642505082e-11	2.09890547927136e-08
MSTRG.37551	1087.86185417682	-1.90004480409575	0.284015860005416	-6.68992500651027	2.23284992516412e-11	2.11314035820855e-08
gene12309|LOC111122617	2.97492004038328	-23.5758062405242	3.56846171600714	-6.60671407367762	3.92943911856432e-11	3.60255890188875e-08
MSTRG.15942	6.03889542423952	17.8175065458452	2.71475006032527	6.56322171467615	5.26574609258386e-11	4.68140784437046e-08
MSTRG.25218|LOC111133243	4.58287428940866	23.9796485596259	3.70334847395402	6.47512615360854	9.47327588533379e-11	8.17432258599773e-08
MSTRG.26968|LOC111137543	2.13707781457557	-30	4.67934811450566	-6.41114943062305	1.44426545618177e-10	1.18168571109271e-07
MSTRG.16801|LOC111129488	5.26010646160928	20.4406021049515	3.18859124107256	6.41054326489206	1.45001996043826e-10	1.18168571109271e-07
MSTRG.20369|LOC111131359	3.78811589838944	24.0107776917965	3.76195032150564	6.38253449401923	1.7418077540346e-10	1.38111232129371e-07
MSTRG.37475|LOC111106620	2.2072783406352	-30	4.7313165753721	-6.34072979943022	2.28679297981654e-10	1.76552453794362e-07
MSTRG.38015	5777.71795518129	-1.64545007986172	0.260718455524187	-6.31121443456489	2.76854271247986e-10	2.08265400253165e-07
MSTRG.38622	2328.18798476854	-1.19167754485267	0.189848640635255	-6.27698750365125	3.45195815784107e-10	2.53183871086853e-07
MSTRG.16288	59.0990710172058	2.94279650140485	0.471980983598934	6.23498955183647	4.51808245981076e-10	3.23296349282751e-07
MSTRG.12233|LOC111127162	35.5123310391287	-30	4.85734149270443	-6.17621800836096	6.56553135688287e-10	4.58617997495785e-07
MSTRG.41983|LOC111115405	1.77802499537293	-30	4.8712367031493	-6.15860033666702	7.33906798985727e-10	5.00729248107983e-07
MSTRG.31832|LOC111100373	1.9094321851442	-30	4.92617342096655	-6.08991958592351	1.12967416036083e-09	5.69612762981375e-07
MSTRG.43454|LOC111116233	1.93096440462932	-30	4.92555112434211	-6.09068898944928	1.124257754284e-09	5.69612762981375e-07
MSTRG.31043|LOC111102258	2.52025641788878	-30	4.92327219960551	-6.09350829767321	1.10462606526331e-09	5.69612762981375e-07
MSTRG.24470|LOC111132853	27.7690702267075	-30	4.91726675324449	-6.10095028507566	1.05439702325812e-09	5.69612762981375e-07
MSTRG.37253|LOC111109134	5.76753882629337	-21.683801558877	3.53662294836559	-6.1312166650103	8.72095394564874e-10	5.69612762981375e-07
MSTRG.11536|LOC111122929	3.9945454920297	-30	4.927695598975	-6.0880383938976	1.14302464739632e-09	5.69612762981375e-07
gene7561|LOC111120392	1.51537100283278	-30	4.92797785556266	-6.08768969327576	1.14551615706255e-09	5.69612762981375e-07
MSTRG.23619|LOC111137472	1.86492636658444	-30	4.92365154012049	-6.09303882607132	1.1078717813451e-09	5.69612762981375e-07
MSTRG.26554|LOC111132512	1.15343898083694	-30	4.92756378806085	-6.0882012471737	1.14186285100627e-09	5.69612762981375e-07
MSTRG.22897|LOC111134402	1.63444983382999	-30	4.92632700947607	-6.08972971999083	1.13101467729757e-09	5.69612762981375e-07
MSTRG.21815|LOC111099200	1.45685297957011	-30	4.92747775599924	-6.08830754506701	1.14110514218414e-09	5.69612762981375e-07
MSTRG.25903|LOC111135342	7.2826591158763	-30	4.91928540429728	-6.09844673248543	1.07104075627294e-09	5.69612762981375e-07
MSTRG.19859|LOC111131656	1.81097398839786	-30	4.92571067085469	-6.09049170863999	1.12564414256362e-09	5.69612762981375e-07
MSTRG.1660|LOC111138003	4.44435317973829	-30	4.91961850659741	-6.09803381294073	1.07381036212254e-09	5.69612762981375e-07
gene32308|LOC111110117	1.47909286757891	-30	4.92589572033266	-6.09026290917381	1.12725411543379e-09	5.69612762981375e-07
MSTRG.39272	2.39698648184093	-30	4.92240999932244	-6.09457562538055	1.09728150058586e-09	5.69612762981375e-07
MSTRG.30167	1607.181480444	-1.25567509129165	0.206499626700026	-6.08076203990295	1.19612698005947e-09	5.84866222349747e-07
MSTRG.4796|LOC111108571	3.71904704781023	30	4.95294763999075	6.05699922158999	1.38684259752098e-09	6.67003084033945e-07
gene4455|LOC111120875	2.88054140179997	23.7172189960785	3.92140437977697	6.04814415937063	1.46523822593531e-09	6.93341275362744e-07
MSTRG.26459|LOC111134509	5.58789784089733	-22.3464630072595	3.70184593398172	-6.03657294381876	1.5742160862129e-09	7.33084945036731e-07
MSTRG.38790	22145.634820964	-1.32665108532564	0.220833362011105	-6.00747583265488	1.88433883359294e-09	8.63792698436712e-07
MSTRG.23209|LOC111136004	197.7448262904	-4.62232809867073	0.769907956151902	-6.00374117676834	1.92821993738838e-09	8.70309484970772e-07
MSTRG.12696	366.949671439998	-1.14640347814945	0.191074705297984	-5.99976577936685	1.97602348515485e-09	8.78372378901105e-07
MSTRG.20610|LOC111130041	60.6883279449405	30	5.00348535130232	5.99582049184805	2.02460571150673e-09	8.86535557674395e-07
MSTRG.24667	1872.64686468433	-1.85449484929848	0.30965792584744	-5.98884993569368	2.11330035625115e-09	9.11764791936711e-07
MSTRG.8443	253.221760383835	1.1928259874432	0.199517036153113	5.97856709603386	2.25108893469222e-09	9.57136915449281e-07
MSTRG.212	7303.00962372104	-2.01762992684868	0.340443966250568	-5.92646698682772	3.09521575388868e-09	1.29724913982266e-06
MSTRG.547	393.630784154762	-1.79332107979616	0.307428277147812	-5.83329905899947	5.43420411741288e-09	2.24547437178393e-06
MSTRG.1289|LOC111119622	105.313076781338	-2.26627036010186	0.393126663356728	-5.76473328151091	8.17870790727613e-09	3.33259628588427e-06
MSTRG.28156|LOC111136144	2.73695888880548	17.2886132913807	3.01295166214691	5.73809845958879	9.57454513944306e-09	3.84791788083535e-06
MSTRG.15843	35693.8983732903	-1.02171909170078	0.180691383681979	-5.65449813312088	1.5630229691085e-08	6.19675241455477e-06
MSTRG.12574|LOC111126322	11.4764697695026	-27.6257564465255	4.90561497299319	-5.63145632068828	1.78694235325551e-08	6.99004196797467e-06
MSTRG.6253	20056.0196725272	-2.10417217156126	0.374545804021656	-5.61793016760001	1.93258572341146e-08	7.46028946755861e-06
MSTRG.6248	12731.2109524025	-2.12704854052845	0.383032102161397	-5.55318608682095	2.8050917921144e-08	1.06877640255912e-05
MSTRG.22010	1948.75674332965	-1.93616011844704	0.351015754061437	-5.51587812240518	3.47042711322884e-08	1.30532552112702e-05
MSTRG.12349	6991.2593177341	-2.23717924576179	0.407156245982614	-5.49464552695901	3.91495975599645e-08	1.4538872066003e-05
MSTRG.34631	28.7336433418073	-19.5609724538535	3.57949397271721	-5.46473121702302	4.63608731587655e-08	1.70016912091483e-05
MSTRG.23247|LOC111132265	3.30885723635826	18.640274189981	3.41335950939212	5.46097595014263	4.7352419960688e-08	1.71186068267884e-05
MSTRG.17196	209.603230149303	1.76705705867156	0.3236882557802	5.45913244338245	4.78466752947252e-08	1.71186068267884e-05
MSTRG.37446|LOC111106006	103.139196168701	2.51136352690214	0.460588640500936	5.45250860761738	4.96641674465724e-08	1.75547872837053e-05
MSTRG.2236|LOC111132880	224.615882687198	-1.68705404349982	0.313029931739606	-5.38943363698267	7.06800733943489e-08	2.46858570624215e-05
MSTRG.43854	1624.94320514161	-1.88554230194048	0.350310940218525	-5.38248191953205	7.34657582509873e-08	2.53569225360878e-05
MSTRG.14005	160.981074901334	-1.97232546076993	0.369825380121024	-5.33312629902385	9.65361171741951e-08	3.29322861122853e-05
MSTRG.10225|LOC111121076	80.3056038845831	-6.09866435483231	1.14456027188732	-5.32839074064309	9.90867749342574e-08	3.34138827933476e-05
MSTRG.41867	938.569503318385	1.26451105810017	0.237622563237049	5.32151089052394	1.02908949146908e-07	3.4308440341727e-05
MSTRG.2032|LOC111138213	17.6380022498138	-25.9935700735063	4.90187824472019	-5.30277758357298	1.14053849582255e-07	3.75967622364517e-05
MSTRG.10209	12721.1755877644	-1.58508511718118	0.299139441308971	-5.29881686696072	1.1655546396776e-07	3.79944911320682e-05
MSTRG.37241|LOC111109130	5.10329585136778	-22.1243704849287	4.19551634436408	-5.27333674069671	1.33965428421039e-07	4.31898652639168e-05
MSTRG.36070	5249.9950782211	-1.31134617443277	0.249004164228984	-5.26636242607918	1.39153438487083e-07	4.43748215036308e-05
MSTRG.41059	3413.78028016139	-1.22454640063073	0.233003418832573	-5.25548683691478	1.47633412934295e-07	4.65727856845844e-05
MSTRG.26747	178.229538452008	-4.51517844757767	0.861976086530835	-5.23817135780385	1.6217545141286e-07	5.06159935484094e-05
MSTRG.22187|LOC111135359	3.24679004322958	19.8251108677092	3.78737660988989	5.23452323593603	1.65411263174223e-07	5.10824804105825e-05
MSTRG.26139	547.616532016505	-0.781760772155633	0.149543381111603	-5.22765211234733	1.71676144110426e-07	5.24649449574132e-05
MSTRG.5204	1117.1724472611	-0.743265491875442	0.142242195445019	-5.22535165848685	1.73824430428883e-07	5.25738261847687e-05
MSTRG.18688	662.37834838847	-1.41799690218633	0.271955150568559	-5.21408364291618	1.84728107772232e-07	5.53015635287932e-05
MSTRG.25243	760.538256996283	-0.764687373889025	0.147789337366399	-5.17417147620883	2.28924513135673e-07	6.7840276428024e-05
MSTRG.28956	971.952551127532	-0.899694926057277	0.174121742169343	-5.16704528020557	2.37823662815705e-07	6.90818873236351e-05
MSTRG.42363	4043.3616861304	-0.899067699428802	0.173979944356974	-5.16765137931119	2.37053949035664e-07	6.90818873236351e-05
MSTRG.13999|LOC111123588	2.56263504427467	21.4512351797124	4.16453007968079	5.15093774550349	2.59187220141005e-07	7.45493594558511e-05
MSTRG.550	1443.85270175464	-0.849932712890268	0.165440118628828	-5.1374039134796	2.78559814141866e-07	7.93435711387773e-05
MSTRG.34343	88.7267010231466	1.87122997618348	0.365018683978286	5.1263950540537	2.95342560228161e-07	8.33150003074404e-05
MSTRG.827	602.570523903122	1.70341151447279	0.332785902886732	5.11864084294631	3.07745374910105e-07	8.59869886582157e-05
MSTRG.30662	185.720815760482	-1.16953714380915	0.228638281245304	-5.11522889972379	3.13360715091161e-07	8.6729968484382e-05
MSTRG.28555	3.73704476669563	22.3088266691649	4.36663818276569	5.10892492930001	3.23997042888165e-07	8.88357499462896e-05
MSTRG.43645	5.57115587564237	17.2506544786214	3.39615684313054	5.07946342746642	3.78502378315097e-07	0.000102819470138966
MSTRG.43179	7.40723709786969	24.8303337246773	4.89476772875116	5.07283186877847	3.91938772218686e-07	0.000105492657792218
MSTRG.31902|LOC111100045	3.90275601422246	19.3661750263739	3.82170561109317	5.06741674977795	4.03250770892718e-07	0.000107550646513187
MSTRG.7235|LOC111118302	367.843559556171	-9.97850176755188	1.97029160089124	-5.06447967551515	4.09517323379779e-07	0.000108238011110955
MSTRG.1764|LOC111106570	3.33278449162609	18.9183240720555	3.74100414284081	5.05701767485599	4.25863782239219e-07	0.000110693641002853
gene31293|LOC111109110	2.51965148595134	24.7068992784152	4.8858781656996	5.05679806996937	4.26354265230158e-07	0.000110693641002853
MSTRG.31671|LOC111102179	3.04136975158817	22.8830534120624	4.53795349000691	5.04259320031673	4.59264938058381e-07	0.000117439484494521
MSTRG.3653|LOC111103298	22.7046952756677	-22.1516420427243	4.39329755275213	-5.04214471629578	4.60342924428041e-07	0.000117439484494521
MSTRG.11770	309.814521312034	1.10271034822813	0.219201061535565	5.03058854050856	4.8897651039299e-07	0.000123668903981979
MSTRG.19126	17519.6665682526	-1.99814920911911	0.398411242590202	-5.01529323351542	5.29526432140352e-07	0.000132779884325929
MSTRG.10208	5152.73529559625	-1.75195612670002	0.349761892095923	-5.00899659537392	5.4714540974976e-07	0.00013552590163922
MSTRG.20637	223.402458741958	-1.12643550037025	0.224922988617702	-5.00809413609931	5.49716486981634e-07	0.00013552590163922
MSTRG.15890	82.6635814039957	-2.7566961678472	0.550886901979355	-5.00410548506835	5.6122020839916e-07	0.000137208987283455
MSTRG.16345	3321.97795936394	-1.16276189369814	0.233185782943446	-4.98641846437159	6.1508846498616e-07	0.000149136077568297
MSTRG.13234	4323.69928018843	-1.0391607317009	0.208534440836204	-4.9831611868714	6.25537991513844e-07	0.000150426504877321
MSTRG.29826	1296.94380984167	-1.35565533675288	0.272273070537767	-4.97902834854481	6.39042829977364e-07	0.000152424703625007
MSTRG.19833	2339.46293753742	-1.31486646371954	0.264843193771603	-4.96469795955363	6.8808070355002e-07	0.000161584567960537
MSTRG.1935	12.7931741865951	6.95915076554435	1.40219406836334	4.96304393418748	6.93968762800043e-07	0.000161584567960537
MSTRG.23490|LOC111133124	1.67089583058512	21.9820960930678	4.42901400175768	4.96320311571472	6.93399998052286e-07	0.000161584567960537
MSTRG.43190|LOC111117287	3.01100526047259	18.2152040517926	3.67159121848742	4.96111984364553	7.00879303774693e-07	0.000161908637906629
MSTRG.5923	19007.6862771501	-1.49974046814263	0.302399554044033	-4.95946653388335	7.06870234798166e-07	0.000162016866785223
MSTRG.2265	3326.97078084242	-0.835221648191214	0.168718458262921	-4.95038691551847	7.40660840962003e-07	0.000168445796528242
MSTRG.38320	3553.28919032385	-1.1910409199676	0.241408773362762	-4.93371016875942	8.06821371329658e-07	0.000182080964554381
MSTRG.33001|LOC111104442	102.857949233801	-9.821795051913	1.99266258098052	-4.92898052367703	8.26598133914321e-07	0.000185120122540293
MSTRG.34614|LOC111104000	3.24261769179514	22.7455806064869	4.61645374673262	4.92706780016707	8.34727962445802e-07	0.000185524613350265
MSTRG.31352	1516.79248465815	-0.949426980062672	0.192787188834837	-4.92474103596197	8.44721471967864e-07	0.000186334124395437
MSTRG.20276	1110.27241845041	1.55097179868187	0.315502860709805	4.91587237970699	8.83879658525207e-07	0.000192083417939352
MSTRG.33771	3.52940816737555	17.2538115358276	3.50954019497446	4.91625984524538	8.8213294161995e-07	0.000192083417939352
MSTRG.8442	234.597658080629	1.35625151176909	0.276631012827963	4.90274571135141	9.45062899795669e-07	0.000203869524663274
MSTRG.29556|LOC111100710	4.38463952566666	16.0852975380225	3.28243071564842	4.90042256226114	9.56307460175108e-07	0.000204789403405966
MSTRG.19129	5651.88953761307	-1.71934607998888	0.351648442778883	-4.88938914787122	1.01149362797957e-06	0.000214034224490779
MSTRG.21952	101.86984865633	1.56205854928836	0.319512000678631	4.88888851113762	1.01406903007084e-06	0.000214034224490779
MSTRG.5267	532.743196997928	-4.86730578801413	0.997875970932038	-4.87766609257858	1.07348445799357e-06	0.000224956335918681
MSTRG.8649|LOC111119179	2.35170265620837	-20.5933782298385	4.22691739286733	-4.87196136470247	1.10495780029017e-06	0.000229909588261795
MSTRG.30180|LOC111101554	4.60275686024802	16.5283296144694	3.40276052281589	4.85732966032874	1.18979414944973e-06	0.000245818174341944
MSTRG.13516	572.2164205008	1.5259742006439	0.315473310077511	4.83709446060263	1.31750825703306e-06	0.000270301099614238
MSTRG.4237	4411.10886661857	-0.550486727730972	0.113895802121096	-4.83324861390139	1.34322866822622e-06	0.000273664185197366
MSTRG.10761	3795.93857387168	-2.08983625527377	0.433079329321709	-4.82552759686518	1.39633127467298e-06	0.000282521151285213
MSTRG.29989|LOC111099664	1.80967145291897	23.5366253500553	4.88897437139864	4.81422555367618	1.47771830648464e-06	0.000296940408737303
MSTRG.14033	135.006497218414	-1.70046332028682	0.353472308849803	-4.81073984499697	1.50372637800787e-06	0.000300111050870713
MSTRG.25082	2698.81816926024	-1.99296538066571	0.416020039513603	-4.79055139506216	1.66323612563498e-06	0.000329702847661346
MSTRG.21315	137.792395236366	1.63421372857535	0.34187848342601	4.78010114061192	1.75207030107659e-06	0.000344981466395872
MSTRG.22852	43412.2811558119	-1.07804192702436	0.225811796832505	-4.7740726664692	1.80537191121445e-06	0.000353106674208063
MSTRG.17012	8928.87193210204	-1.47244775253129	0.309652436729548	-4.7551628144213	1.982865496424e-06	0.00038525369492773
MSTRG.3957	169.147805502249	2.62985398932923	0.554443089070272	4.74323522318432	2.10331801300417e-06	0.000401316205958478
MSTRG.23884	76.629543766105	-3.92850027797842	0.828286941360645	-4.74292190520955	2.10657494435904e-06	0.000401316205958478
MSTRG.22503|LOC111133859	2.33641503321543	16.3902887434779	3.45448004560408	4.74464710379061	2.08870145948357e-06	0.000401316205958478
MSTRG.15589	2642.14719313031	-1.46655988076556	0.310448530809893	-4.72400328949738	2.31246673013209e-06	0.000437697735023325
MSTRG.8069|LOC111119826	97.1349944693513	-23.0241229312911	4.87595929755798	-4.72196782750467	2.33573636781662e-06	0.00043926816383977
MSTRG.26851	2105.21802153155	-1.2207201971276	0.258683917927207	-4.71896439063178	2.37048305791337e-06	0.000442963260847532
MSTRG.28091	2.84648283139213	-21.9907259486397	4.66141790804003	-4.71760446766851	2.38637869890302e-06	0.000443111254863397
MSTRG.5664	9261.77991440515	-1.15353510589356	0.244866364029174	-4.71087611590509	2.46654142779993e-06	0.000455115675527008
MSTRG.1291	51724.977209401	-1.59043088700732	0.337987054861232	-4.70559704619547	2.53124056227608e-06	0.000464134597600348
MSTRG.5399	502.60972588575	-4.68876889255167	0.998398254999034	-4.69629115342976	2.64927842584789e-06	0.000475301828822008
MSTRG.16923	3.67227085105213	16.3858547513575	3.49138680122869	4.69322240251093	2.68934840767787e-06	0.000475301828822008
MSTRG.21866|LOC111099082	3.56741082412028	15.3442194687431	3.26602189448423	4.69813735623053	2.625448496923e-06	0.000475301828822008
MSTRG.5266	606.432423721673	-4.46059085259426	0.949858908685347	-4.69605623720258	2.65232546167154e-06	0.000475301828822008
MSTRG.12948	1851.95507989532	-0.992799055736807	0.211487116763342	-4.69437132119858	2.67427884338007e-06	0.000475301828822008
MSTRG.21589	21128.4269720931	-1.43327973318165	0.305283667137166	-4.69491128242268	2.66722457388716e-06	0.000475301828822008
MSTRG.23060	1859.92658347648	-0.748851061180965	0.160125871342102	-4.67664003889213	2.91613481346706e-06	0.000512296785374231
MSTRG.29371	287.668681396564	1.07469464368477	0.229894059979427	4.67473863300751	2.94328219281088e-06	0.000513988172456461
MSTRG.2543	10080.817155319	-0.868220162712181	0.186052490267718	-4.66653341464478	3.06323849151158e-06	0.000531770951857792
MSTRG.11490	22661.1935603003	-1.61366202099041	0.346394677970859	-4.6584492303492	3.18600357130237e-06	0.000549829251616877
MSTRG.21367|LOC111135361	1.81195958587256	-22.8606407090326	4.91666533952935	-4.64962309418052	3.32542166722729e-06	0.000570533455398329
MSTRG.13260|LOC111123568	16.3033541241221	7.25341305644179	1.56042155853455	4.64836762653661	3.34572225330749e-06	0.000570679066671716
MSTRG.5401	893.928105556429	-4.78250463558261	1.02949004892296	-4.64550836658014	3.39240024032183e-06	0.000575296174858739
MSTRG.40941|LOC111114542	1.75179879754166	-22.8393332939786	4.91906045615353	-4.64302756543835	3.43340522180572e-06	0.000578903691938714
MSTRG.9025	143.195527683549	-1.32247772516412	0.284928328178229	-4.64143994954719	3.45989576173292e-06	0.00058003669632983
MSTRG.26450|LOC111136890	1.60896098230962	22.6762391408201	4.90012296774012	4.62768777234953	3.69770923464908e-06	0.000612900528396241
MSTRG.38173|LOC111110459	4.61648773827602	16.8329023468415	3.6369216338088	4.62833793017782	3.68612172276609e-06	0.000612900528396241
MSTRG.41490	922.40610701573	1.01056647177466	0.218592742777289	4.62305591180704	3.78127749019294e-06	0.000623231005658878
MSTRG.40596	5.34511874652862	15.6800905966352	3.39374131120466	4.62029635107022	3.83192307454465e-06	0.000628050051178721
MSTRG.11458	358.847550027049	-1.64105706396103	0.355907041491371	-4.6109148531719	4.00900731701899e-06	0.000649813572744216
MSTRG.5780	101.508122195085	-2.36174400069829	0.512134135757468	-4.61157309345367	3.99633083032527e-06	0.000649813572744216
MSTRG.41138	2032.76306414748	-1.40215589072538	0.304394819490176	-4.60637238529164	4.09754329958313e-06	0.00066051497430313
MSTRG.23390|LOC111133625	6.97732986074929	15.8849043985958	3.45053028129528	4.6036125185468	4.15224694082196e-06	0.00066567552322314
MSTRG.32610|LOC111102630	4.65199452015929	-16.6568586235793	3.62696071788142	-4.59251144945096	4.37943475295022e-06	0.000697774510801678
MSTRG.1545|LOC111126561	3.82886118193659	-20.2314092061262	4.40624354504932	-4.5915322199694	4.40003696565241e-06	0.000697774510801678
MSTRG.21254|LOC111137505	100.902660396386	-1.78602160821329	0.389289838566007	-4.58789680920598	4.47733841453633e-06	0.00070243932837255
MSTRG.24980	1967.31202581704	-0.822009425207387	0.179137891608011	-4.58869655006382	4.46022232382991e-06	0.00070243932837255
MSTRG.30009	56.1749135044585	-2.34426939499467	0.511514494647696	-4.58299700110997	4.5835861632041e-06	0.000715283249234479
MSTRG.30611	3336.52458107148	0.677613433265126	0.147919128700052	4.5809723138593	4.62819117230196e-06	0.000718422606417962
MSTRG.3232|LOC111131563	144.347624709101	-3.71142875834308	0.812156173543687	-4.56984614442931	4.88082399894123e-06	0.000753650602531251
MSTRG.42538|LOC111111251	1.86937585940286	18.7758194797226	4.11023078722232	4.56806939846101	4.9223706885049e-06	0.000756086446384066
MSTRG.33422	400.074999846855	-1.05478662619843	0.231474571232381	-4.55681425645458	5.19353126342288e-06	0.000793582396907815
MSTRG.24671	507.737032996706	-1.52170698701539	0.334048349448183	-4.55534951610781	5.22985450802011e-06	0.00079499208060256
MSTRG.30909	2346.42804781617	-1.24444456218138	0.273295776365127	-4.55347162233049	5.27677925109962e-06	0.000797990462210107
MSTRG.42319	454.93679234011	1.03487182794609	0.227826241209345	4.54237326856112	5.56244366008656e-06	0.000836876779998049
MSTRG.8126|LOC111119571	4.32669275318287	-22.1068968749889	4.88078212329193	-4.52937589028835	5.91581715085549e-06	0.000885501242713256
MSTRG.34806	35.76399136308	3.25062181001685	0.718037262602426	4.52709348012863	5.98004909948349e-06	0.000890571982135262
MSTRG.11233	925.618472779932	0.551254735179913	0.121876510921704	4.5230597020787	6.09520383500121e-06	0.000898598442770178
MSTRG.38162	7.04754995104713	15.6007958456652	3.44910099804383	4.52314845361536	6.09264751320752e-06	0.000898598442770178
MSTRG.38167	2.64384737755197	21.5855294601037	4.78541068468242	4.51069529501338	6.46154812370533e-06	0.000938689028106085
MSTRG.21764	542.553981821259	-1.47441390109214	0.326874402005833	-4.51064351336336	6.46312576444983e-06	0.000938689028106085
MSTRG.13066	4.64474356783086	-20.8389516297318	4.61805173056402	-4.51249852655649	6.40683799602357e-06	0.000938689028106085
MSTRG.42942	6924.09126247425	-1.15120752002052	0.256512215672075	-4.48792474465318	7.19203234203974e-06	0.00103940810271311
MSTRG.3422	994.104070050597	-0.891328262219083	0.199206829292346	-4.47438607092638	7.66311724630535e-06	0.00110206144005934
MSTRG.37079	1316.64147982162	-0.685379597619297	0.153439077242377	-4.4667864923135	7.94033043442987e-06	0.0011363581184649
MSTRG.24791|LOC111136209	38.7385198027994	-21.756418532652	4.87340101202669	-4.46431936936054	8.0323678509191e-06	0.00114394955344789
MSTRG.11362	9886.08771666179	-0.578281075067153	0.129612690543898	-4.46160844775687	8.13467609182053e-06	0.00115292331971899
MSTRG.6254|LOC111119063	92.2059419113277	-3.1743460398476	0.712666912359493	-4.45417906289209	8.42147959020467e-06	0.00118215008716471
MSTRG.27635	39.9269967616316	-3.75159835427065	0.842116882134152	-4.45496157821119	8.39082202259174e-06	0.00118215008716471
MSTRG.30554	309.564833412325	-1.04258704865357	0.234153792006893	-4.45257383926064	8.48470481834087e-06	0.0011853536664785
MSTRG.11642	4233.40563591808	-1.61043040988186	0.362530378194256	-4.44219438355297	8.90460592517438e-06	0.00123812004091358
MSTRG.14240	3083.57042238631	-1.06811929461961	0.240622702262432	-4.4389797162808	9.03863335128029e-06	0.00125082747764085
MSTRG.12609	3.25207267929598	-17.0394729460002	3.84398425875256	-4.43276345557405	9.30329162652808e-06	0.00128140830863418
MSTRG.1986	4866.94597515666	-1.73001815674684	0.390814364797143	-4.42670053247614	9.56854274697093e-06	0.00131178461266651
MSTRG.41306|LOC111113390	29.1977832190845	8.66126992685034	1.96068707776806	4.41746672636301	9.98644377800936e-06	0.00136270831422902
MSTRG.19308	6993.37388657072	-1.57138415304291	0.355805072919833	-4.41641863098721	1.003496509992e-05	0.00136298984306228
MSTRG.24927	9247.36522107518	-0.684241537639549	0.155003532083579	-4.41436094030813	1.0130881148329e-05	0.00136967645681879
MSTRG.1292|LOC111137438	46.8740468708725	-2.27557835927459	0.51663849494447	-4.40458537554228	1.0598639470246e-05	0.00142634350815632
MSTRG.2237	9305.06168058846	-1.00480182264668	0.228218771397522	-4.40280094618715	1.06862204276547e-05	0.00143060474119252
MSTRG.18668	440.448919677942	-1.71277188861562	0.389093184990367	-4.40195807762097	1.07278288588981e-05	0.00143060474119252
MSTRG.28461|LOC111134936	3.35425811120257	20.3833090958105	4.64607230627226	4.3872130591452	1.1481231066826e-05	0.0015241464119391
MSTRG.11054	326.581071420884	1.76107470715629	0.401603756670205	4.38510516375095	1.15929757564955e-05	0.00153204830064895
MSTRG.10716	280.680144653097	-1.17014952982646	0.267016953902247	-4.38230424220495	1.17430665176111e-05	0.00154492415019585
MSTRG.13404|LOC111126281	45.2104489011458	-21.5783318531528	4.93127043260681	-4.37581595819028	1.20979059904761e-05	0.00158450163369905
MSTRG.20607|LOC111130045	9.46388352655635	-21.547705280322	4.93097601432794	-4.36986617207443	1.24322704907815e-05	0.00162105756292688
MSTRG.5348|LOC111122366	2.27992122841039	21.5864917748448	4.94498544855453	4.36532968588508	1.26931168614257e-05	0.00164774629416153
MSTRG.4618	578.887511964423	-0.777616121599489	0.178440768011169	-4.35783890792723	1.31353004754836e-05	0.00169763632312659
MSTRG.17233	9.7536392765402	-21.1372722627915	4.8765699030653	-4.33445489000476	1.46121746680948e-05	0.00187201738171425
MSTRG.2970	1122.64212353362	-0.72886029551195	0.168129470826572	-4.33511324295894	1.45685104487187e-05	0.00187201738171425
MSTRG.9388	291.84168137341	0.892012241090158	0.205848570140664	4.3333419342219	1.46862736463489e-05	0.00187332998363733
MSTRG.33212	151.466911478089	-2.10105956372621	0.485806614618135	-4.32488875306429	1.5260885649525e-05	0.00193819854192972
MSTRG.4048|LOC111122710	4.66319251784454	-18.5212905631627	4.29365216995852	-4.31364484826018	1.60584843180269e-05	0.00203070609018221
MSTRG.13622|LOC111123033	55.0004296199225	-21.2557637951333	4.93090129579873	-4.31072587343085	1.62719522516232e-05	0.00204886924960567
MSTRG.7704	1723.02082363235	-1.0189388227786	0.236596665649783	-4.30664912364769	1.65746205369608e-05	0.00207806075774939
MSTRG.21253	15994.3290706508	-1.40380497725424	0.326072220382469	-4.30519648563631	1.66837588898015e-05	0.00208284305663402
MSTRG.35482|LOC111107808	2.08745871821412	-17.5018086556767	4.06843775183987	-4.30184992943836	1.69378018020485e-05	0.00210559842910381
MSTRG.22178	4320.49748805248	-0.600060499103105	0.139564020730841	-4.29953576832214	1.71156251930219e-05	0.00211672573946613
MSTRG.43532	6834.1314210074	-0.996457651843826	0.231798383047245	-4.29881191898016	1.71716110843595e-05	0.00211672573946613
MSTRG.39507	1261.25721518376	-1.45392584023762	0.3387042164297	-4.29261216634245	1.7658329412626e-05	0.00216393458735905
MSTRG.38301|LOC111110469	3.30219790816107	14.0373108683995	3.27123155888827	4.29113947322338	1.7775861870391e-05	0.00216393458735905
MSTRG.39276	1792.6862506558	-1.59544131987789	0.371791463397608	-4.2912263377378	1.77689087664722e-05	0.00216393458735905
MSTRG.12192	2039.86138484997	-1.13671599325049	0.265143834212923	-4.28716736568596	1.8096594848761e-05	0.00219387561848326
MSTRG.16523	1806.11718197022	-0.589169041410179	0.13811585602377	-4.26575961929225	1.99223192827504e-05	0.00240527161776679
MSTRG.730	1283.94024580196	-1.71216135320396	0.402574783646126	-4.25302682323241	2.10900303126251e-05	0.00253581684144178
MSTRG.8182	27.5386804656441	-3.11876051290976	0.733487546153527	-4.25196109908725	2.11906675241896e-05	0.00253751756663132
MSTRG.39281	3066.93824630757	-1.79189402338289	0.421710896020374	-4.24910534750878	2.14625972636057e-05	0.00255963283951083
MSTRG.8732	11068.1999906902	-0.513847785683667	0.120957311476708	-4.24817466104656	2.1551934291144e-05	0.00255988116693758
MSTRG.1085	3418.58496221828	-0.581720930655155	0.136994366454935	-4.24631279160311	2.17317195425925e-05	0.00256973457288469
MSTRG.9644	160.791794784192	0.931888626913277	0.219500016941411	4.24550594527752	2.18100725560123e-05	0.00256973457288469
MSTRG.26848	1276.99639831222	-1.16937931587355	0.275514842932121	-4.24434234986623	2.19235432226985e-05	0.00257277164427012
MSTRG.20842	771.832755486663	-0.926005126484416	0.218578404188116	-4.2364895558825	2.27041476293367e-05	0.00265376208426087
MSTRG.33116|LOC111102335	3.5477276637765	-14.9477606016535	3.53175927425804	-4.23238376143111	2.31227424537524e-05	0.00269196435757217
MSTRG.9463	6991.8560174464	-0.412161855176955	0.0974268751921765	-4.23047392584395	2.33199474747821e-05	0.00270419217002039
MSTRG.15558	128.595205337297	-1.88454756956028	0.445730681041151	-4.22799607412776	2.35781905062568e-05	0.00272337383099434
MSTRG.2235	48111.0136427151	-1.53262273945114	0.363182547522233	-4.21997904334134	2.44325029511443e-05	0.00278717131703891
MSTRG.13928	33635.5382850542	-0.464908213254205	0.110187142755802	-4.21926008449587	2.45105392254427e-05	0.00278717131703891
MSTRG.34108	3028.55868146448	-1.85117348867256	0.43860038380605	-4.22063809568201	2.43611766617007e-05	0.00278717131703891
MSTRG.41626	923.300983279628	-1.46572362089227	0.347287129813344	-4.22049507472404	2.43766383303296e-05	0.00278717131703891
MSTRG.23683|LOC111134320	21.6679028784035	-20.9172027243493	4.96174957122185	-4.21569094209612	2.49014594874654e-05	0.00282069119090062
MSTRG.30096|LOC111100408	5.46937244617664	16.9098107814876	4.01370136126796	4.21302166241527	2.51976886384629e-05	0.00284326842028933
MSTRG.10903	1390.44006666742	-0.712771756650788	0.169309315757741	-4.20987914020436	2.55507333039088e-05	0.00287205905620719
MSTRG.37964	1268.42921113934	-1.56362763948297	0.371649702983892	-4.20726191068891	2.58483502853875e-05	0.0028944232850103
MSTRG.15998	1703.08944825564	-1.55324129228375	0.369740518185884	-4.20089553588735	2.65861250722245e-05	0.00296571763258145
MSTRG.8823	2859.1207704844	0.788796669796331	0.187828960192915	4.19954765754	2.67448736209716e-05	0.00297212538746994
MSTRG.11922	176.94417459098	-1.78791832162215	0.425941845995581	-4.19756438215911	2.69800969302785e-05	0.00298695125939816
MSTRG.12892	2189.19520167024	-0.646856009434691	0.154171920737032	-4.19567977321902	2.72054399047852e-05	0.00300057592453605
MSTRG.20183	4017.26364581298	-0.580274261913057	0.138352907726006	-4.19416022005284	2.73884351618984e-05	0.00300944535872575
MSTRG.13890	98888.4005343533	-0.891226776598082	0.212785125173007	-4.18838852515401	2.80942250241472e-05	0.00307547900656131
MSTRG.21405	9733.17554895008	-1.51542500529479	0.362031399567979	-4.18589383988016	2.8404609082817e-05	0.00309789747684641
MSTRG.8069	1921.89241900748	-0.931332966984072	0.222641749990273	-4.18310117947223	2.87559333231968e-05	0.00311306853075996
MSTRG.2906	743.08041928291	-1.61590626826672	0.386277076000969	-4.1832828522878	2.87329533390911e-05	0.00311306853075996
MSTRG.5933	3824.36758941349	-1.1845552347458	0.283431091769401	-4.17934118430999	2.92354800312245e-05	0.00314179675148741
MSTRG.25869	182.565834599227	-1.40927018051487	0.33714276423933	-4.18003982287593	2.91458050831988e-05	0.00314179675148741
MSTRG.32673	1301.69101421343	-0.990195930514345	0.2372124355735	-4.17430025588828	2.98903333238136e-05	0.00320044744180308
MSTRG.12101|LOC111126809	19.5211217372403	-4.00525863287637	0.959780215569711	-4.17309980754178	3.0048322941966e-05	0.00320566435807781
MSTRG.7377	29695.5905642376	-0.967677383165929	0.23224792169933	-4.16657068913922	3.09216038180835e-05	0.00328687685802512
MSTRG.39639|LOC111113159	92.3928888115769	-2.07747084707039	0.499144619117016	-4.162061990662	3.1538670000674e-05	0.00334036642772482
MSTRG.20008	814.002304717598	-1.1740272424195	0.282428675201575	-4.15689816758719	3.2259769596541e-05	0.00339943896250437
MSTRG.21587	2169.28087932425	-1.60950887992671	0.387234963025922	-4.15641415059663	3.23281570161128e-05	0.00339943896250437
MSTRG.4196|LOC111104643	9.48447941046806	-20.4861122021631	4.93109901328054	-4.15447188283776	3.26039704486283e-05	0.00341619744650663
MSTRG.38102	4.4002281857422	-15.6813025558614	3.77943092003537	-4.14911739032782	3.33759632153003e-05	0.00348464060074904
MSTRG.29820	16.7017562667057	-3.3952395106949	0.822109497873049	-4.12991155007821	3.62902825570703e-05	0.00377547627538768
MSTRG.32307	12.4399384103294	-20.4498759935196	4.95599878011788	-4.12628753573526	3.68666281170726e-05	0.00381251239479174
MSTRG.43258	3.64874792735038	17.4907208585323	4.23910515211615	4.12604081071238	3.69061803845134e-05	0.00381251239479174
MSTRG.16001	1033.55347364009	-2.04217015788942	0.496191762015034	-4.11568734957664	3.86027287175781e-05	0.00397377843900458
MSTRG.21252|LOC111136304	431.316043323614	-2.16081543248149	0.525522457573608	-4.11174708395566	3.92676329198192e-05	0.00402809026084495
MSTRG.16580	4905.07666321087	-1.2832784804995	0.313000489068466	-4.09992484139152	4.1328433456494e-05	0.00422471630922168
MSTRG.27682|LOC111136585	2.17719649174687	-16.5723880705692	4.05570294710412	-4.08619375893945	4.3850762039133e-05	0.00446699186355584
MSTRG.29244|LOC111133301	6.16336293462609	-18.8365108178446	4.61169299108882	-4.08451101455418	4.4169731389503e-05	0.00447151746802608
MSTRG.20841	226.028975356129	-1.03557960913385	0.253548089904169	-4.08435184633124	4.42000158745506e-05	0.00447151746802608
MSTRG.20598	9130.17113329863	-1.20636318077448	0.295471446991736	-4.08284182128846	4.44883054309998e-05	0.0044852161674731
MSTRG.1781|LOC111128753	38.4094322117182	-3.0445267369191	0.746080588224966	-4.08069421047727	4.49013944536099e-05	0.00451135996739729
MSTRG.3297	3968.28462371147	-1.15803669397799	0.283957925597766	-4.0781981751	4.5386073188846e-05	0.00454449356728452
MSTRG.34386	240.70774778438	-1.81008921610594	0.444300326217207	-4.07402180303833	4.62081527446969e-05	0.0046047132153881
MSTRG.9384	4915.30193846728	-0.819490017671956	0.20117330189498	-4.07355255370696	4.63013974551602e-05	0.0046047132153881
MSTRG.34298	328.308186132629	-0.697824909070359	0.171703144159589	-4.06413588106324	4.82107354260479e-05	0.00477840052678849
MSTRG.16940	1601.35433626588	0.456985410452849	0.112822473490829	4.05048210975444	5.11122174602551e-05	0.00504892335302681
MSTRG.4177	85.9109875071911	1.95917862397439	0.48525227328896	4.03744347387679	5.40368594935333e-05	0.00531991068396403
MSTRG.19319	631.010667319674	0.542069263004788	0.134294627756423	4.03641807614201	5.42734652794383e-05	0.00532533419521124
MSTRG.8167	38.3826770234564	-3.75093087705058	0.930350791427641	-4.03173825573331	5.53658294099691e-05	0.00541440901076558
MSTRG.31886|LOC111100316	2.6645941335079	15.9932846694733	3.9711793075547	4.02733884089494	5.64117080112837e-05	0.00549836109513303
MSTRG.5990	541.299697414799	0.779873190367143	0.193742007270592	4.02531800590836	5.68983712064459e-05	0.00552743183594275
MSTRG.21250	2125.0140424716	-0.521406326309513	0.129557637630822	-4.02451245518443	5.70934725635188e-05	0.00552808019164527
MSTRG.18754	951.660333313546	0.74244687451206	0.184701265110427	4.01971732065924	5.82680120501395e-05	0.005623246505023
MSTRG.24057	152.547327021486	-0.889663044676221	0.221797539724292	-4.01114929309913	6.04238843363329e-05	0.00581218333986667
MSTRG.43275	1285.29424600531	0.521151887256293	0.130043078362558	4.00753268700184	6.13563719584963e-05	0.0058825922892757
MSTRG.9296	5708.42964252226	-1.33646125334272	0.333660415967614	-4.00545341726254	6.18986318404825e-05	0.00591525101282109
MSTRG.28803	3944.0963688925	-1.1461930934997	0.286305425878753	-4.00339284518169	6.24404894271946e-05	0.00594765934680206
MSTRG.13957	3283.34277012129	-1.52698160764768	0.381776132073853	-3.99967802951152	6.34287179489456e-05	0.00602223859930798
MSTRG.7443|LOC111118660	15.9875019692558	-19.7670577572721	4.94356189510434	-3.99854561886798	6.3732898361746e-05	0.00603159926495775
MSTRG.4670	2505.79392305744	-0.633235503179304	0.158443228992133	-3.99660816815811	6.42565277084633e-05	0.00606160131804146
MSTRG.16524	16222.0197264964	-1.5780137288302	0.395324371035817	-3.99169351663175	6.56031229325742e-05	0.00616879621985853
MSTRG.2146	996.48957062735	-0.952435253204799	0.23880019080226	-3.98841914658882	6.65150651256872e-05	0.00623456543341026
MSTRG.29384	739.672293271028	-1.39726070633788	0.350567092321517	-3.9857155361759	6.72770744709054e-05	0.00628590704085166
MSTRG.14038	1051.10844826288	-0.669452446665535	0.168075325542893	-3.9830501265023	6.8036398122394e-05	0.00633667253369777
MSTRG.24715|LOC111133459	2.22172991187658	19.9269961511314	5.00587441768078	3.98072234508104	6.87061646571906e-05	0.00637880208453373
MSTRG.32484|LOC111103128	2.21411963233042	18.7498941799164	4.71834847898821	3.97382564331854	7.07273464252251e-05	0.00654573782152446
MSTRG.10806	1095.42707971443	-0.8926563346462	0.224746686895538	-3.97183312010781	7.13216776511681e-05	0.00657998546833324
MSTRG.5110	240.201684153994	-2.06751256759105	0.520779667739914	-3.97003319381431	7.18626195333141e-05	0.00660910825037106
MSTRG.43630	136.626736618757	-2.81573334546117	0.709769425318639	-3.96710994446836	7.27494378165382e-05	0.0066697593958175
MSTRG.31677	75.6162034197081	-2.69956674924252	0.68164569037447	-3.96036648857779	7.4834823905532e-05	0.00683957652255607
MSTRG.14819|LOC111122571	9.20229249592102	-19.5380631993388	4.93458655207492	-3.95941240327892	7.5134396073621e-05	0.0068456301615152
MSTRG.7674|LOC111120747	130.024884022088	19.5091444156767	4.93029654357148	3.9569920882577	7.58994436183586e-05	0.00689392531540373
MSTRG.23222	5413.74852784277	-0.958480040280639	0.242491635749862	-3.95263134465117	7.72964760078076e-05	0.00699336226054424
MSTRG.6095	2753.18289257837	-1.15205597900058	0.29150535592484	-3.95209197904966	7.74709501219197e-05	0.00699336226054424
MSTRG.21742	731.715440641074	0.65733750914183	0.166370737575781	3.95104042165117	7.78121793459627e-05	0.00700261876580324
MSTRG.31595	1823.03492310476	-2.44966344703159	0.620906519632591	-3.94530153827524	7.96996196209344e-05	0.00715054263131185
MSTRG.1490	285.149499014479	-1.76302770234302	0.447136193806577	-3.94293221341342	8.04914115892269e-05	0.0071995641256242
MSTRG.11126	6902.82131746438	-0.643300071798514	0.16322731404173	-3.9411300466174	8.10986407041444e-05	0.00723182954704616
MSTRG.20210	9249.33732687251	-0.819838407296185	0.208305218759587	-3.93575548504329	8.29353814827535e-05	0.00737320673315461
MSTRG.37841	77.3900325589812	1.68757159643766	0.428866230543386	3.93496031221544	8.32104452350702e-05	0.0073753113060619
MSTRG.29502|LOC111100646	3.96735795172679	-19.4041256471757	4.93343714773006	-3.933185944429	8.38273407080026e-05	0.00738396969413751
MSTRG.19123	121.438233533186	-2.69305572540357	0.684818387049645	-3.93251083255207	8.40631903279681e-05	0.00738396969413751
MSTRG.7170|LOC111119012	103.866856701955	-3.62269903436908	0.921012230785905	-3.93338862750803	8.37566557292155e-05	0.00738396969413751
MSTRG.31828	125.776644649814	-1.48585316954323	0.378924630393011	-3.92123670610206	8.80956716594447e-05	0.00767491731341229
MSTRG.8203	1848.60790365123	-1.26852209836731	0.323471632875006	-3.92158683929322	8.79677340802384e-05	0.00767491731341229
MSTRG.20600	4785.13900977839	-1.04847835989134	0.267445360641489	-3.92034603769714	8.84219119208315e-05	0.00767491731341229
MSTRG.38236|LOC111108252	24.8518432044468	-4.90128010235134	1.2500820468408	-3.92076673266193	8.82676748454058e-05	0.00767491731341229
MSTRG.16346|LOC111130898	18.2819398665736	-2.89205620035367	0.737932596490965	-3.91913328413198	8.88679632480287e-05	0.00769087995802556
MSTRG.27871|LOC111134646	6.41236947245779	-17.9619999279243	4.58611745591666	-3.91660268202488	8.98055746028477e-05	0.00772643972932067
MSTRG.1784	544.67760292304	0.665807550375253	0.169970282559309	3.91719976192266	8.95835124113338e-05	0.00772643972932067
MSTRG.3238	1345.7704767925	-0.99503547780135	0.255193409784787	-3.8991425313079	9.65339399649145e-05	0.00828103137628848
MSTRG.8096	1932.06864840479	-0.622537126413423	0.159927936476723	-3.89261026014696	9.91714027138662e-05	0.0084089324069925
MSTRG.23993	2579.96516462627	-1.37151660878844	0.352314326440951	-3.89287776810948	9.90620711296998e-05	0.0084089324069925
MSTRG.28113|LOC111134778	2.13512848500417	19.2476867466224	4.94268400726819	3.8941770743019	9.85326560704118e-05	0.0084089324069925
MSTRG.6064	175.875641147678	-1.98299769315903	0.50940431101689	-3.89277760370835	9.91029953914316e-05	0.0084089324069925
MSTRG.29752|LOC111101700	4.45981431297475	-18.6873300271804	4.80289652834427	-3.89084585039407	9.98953826134058e-05	0.0084459098994585
MSTRG.1288	45975.1718650574	-1.27237517831497	0.327173819156681	-3.88898837197496	0.000100662940232362	0.00848634867970416
MSTRG.24441	15615.355630382	-0.474283243899845	0.122138273169483	-3.88316644400004	0.000103104938106927	0.00866731425266771
MSTRG.523	1181.76176748042	-2.59908770461424	0.670155678705936	-3.87833422471784	0.000105174158403398	0.00881599845496824
MSTRG.27679	120.219048448335	-1.42634925772639	0.368374334844166	-3.87201040574605	0.000107941342798318	0.00902217411685772
MSTRG.38106	152.837167373816	-1.48176998499491	0.382757109710376	-3.87130623417063	0.000108253690558695	0.00902257606139487
MSTRG.14103	2012.79126356607	-1.16702611921603	0.301805143659419	-3.86681984629459	0.000110263820029587	0.00916407918421536
MSTRG.2743	6975.51691082497	-0.407112706738114	0.105404197051968	-3.86239559832132	0.000112280553648744	0.00930533017781593
MSTRG.6630	2152.19671606681	-1.43409496905547	0.371441443704657	-3.86089111315148	0.000112974244619187	0.00931500910956514
MSTRG.39640	26072.89061614	-0.492288583943301	0.127510615911579	-3.86076547763422	0.000113032355409544	0.00931500910956514
MSTRG.1849	3637.79881625112	-0.599945544436649	0.155493618407857	-3.85832904642429	0.000114164879872803	0.00938198668265629
MSTRG.6156	3.48149974125285	-17.38475403037	4.51201076436749	-3.85299480392687	0.000116681867530284	0.00956204645140638
MSTRG.4748	528.570453207742	-0.546609103413643	0.142033977614745	-3.8484390326396	0.000118872872516308	0.00971446332558064
MSTRG.2334	1306.30099546587	-1.72521091589786	0.448666455270068	-3.84519701803737	0.000120455617128622	0.00979888704967709
MSTRG.16220	10773.5830437953	-0.394448174824899	0.102588468416346	-3.84495626958837	0.000120573939086967	0.00979888704967709
MSTRG.19601	7303.50034339567	-1.33456827845044	0.347536202375182	-3.84008419649389	0.000122992121534052	0.00996779796012709
MSTRG.23262	951.408049129256	-0.731000728816778	0.19064209672419	-3.83441402175904	0.000125863987221205	0.0101434325174618
MSTRG.22806	4543.40259596898	-0.782108030332996	0.203969269735205	-3.83444050835862	0.000125850426375747	0.0101434325174618
MSTRG.22950	42.8032421702253	-2.39762064339216	0.625395762573061	-3.83376541204509	0.000126196498359586	0.0101434325174618
MSTRG.9006|LOC111119072	5.56047106568598	-6.98013767976544	1.82194088694769	-3.83115485786112	0.000127543195456673	0.0102236673997483
MSTRG.5189	1407.98006928974	-0.755595394391059	0.19730090084786	-3.82966013405943	0.000128320359247578	0.0102579365111865
MSTRG.17210|LOC111130890	49.7802883270031	-1.88388664627049	0.49341391855822	-3.81806547284944	0.000134502234162742	0.0107228982224634
MSTRG.39446|LOC111115624	2.32477789782062	-16.7700252250797	4.39705186570958	-3.81392481536566	0.000136777094663944	0.0108453146033805
MSTRG.10288	711.756453137711	0.506278205906765	0.13273665143771	3.81415532502227	0.00013664950671996	0.0108453146033805
MSTRG.1743	1652.3731432078	-1.16970740666583	0.306957441418634	-3.81065010595578	0.000138601823270778	0.0109423963522361
MSTRG.33049|LOC111104030	2.69121998093254	14.86240367045	3.90049348622337	3.81039058850998	0.000138747407561246	0.0109423963522361
MSTRG.3469	182.785583943354	-1.33287587921589	0.350095419544148	-3.80717885698535	0.000140561090239229	0.0110557138483606
MSTRG.18811|LOC111129606	252.138574624798	0.98680972972356	0.259489744021583	3.80288528721768	0.000143020590651549	0.0112190857982223
MSTRG.25532	1743.59247030885	-0.838066646368857	0.220593637435256	-3.79914242365593	0.000145197638123052	0.0112701907858272
MSTRG.13493|LOC111127007	74.9382736164567	-2.05931228015658	0.541843753934026	-3.80056476651259	0.000144366677775491	0.0112701907858272
MSTRG.17817|LOC111129494	36.7256818022626	18.5119819200391	4.87193329456501	3.79971990599512	0.00014485972008154	0.0112701907858272
MSTRG.5862	105.547261355073	1.11084630796147	0.292395412699423	3.79912358304815	0.000145208675337196	0.0112701907858272
gene16355|LOC111131589	2.19689337710095	16.4815937646063	4.33994976593489	3.79764620640855	0.000146076616993696	0.0113076406051743
MSTRG.22826	1647.75429094077	-1.10034224331111	0.289829931063204	-3.79651004047322	0.000146747421782399	0.0113264606558722
MSTRG.32616	39.9296513209091	-2.62636848923872	0.692009465086247	-3.79527827543716	0.00014747794568625	0.0113264606558722
MSTRG.17156|LOC111130773	3.33249147574923	-18.8293060797344	4.9606692701505	-3.79571889483435	0.000147216234713396	0.0113264606558722
MSTRG.36519	283.83367671765	-1.12468564871839	0.296568570827414	-3.7923291924716	0.000149240897650872	0.0114319306926404
gene35459|LOC111113946	3.14886691761832	17.8161571234202	4.69876796506832	3.79166565701254	0.000149640281999077	0.0114326734200233
MSTRG.10203	40395.4101056147	-0.954370210978115	0.252040422383234	-3.78657598631925	0.000152737403632755	0.0116389868773449
MSTRG.6500|LOC111121686	87.6453391762124	-3.5967388775408	0.95019738810542	-3.78525443509402	0.000153551394707706	0.0116576209447274
MSTRG.24321|LOC111133477	1.74552583981992	18.9492223662727	5.00654521350454	3.78488989076929	0.00015377664822447	0.0116576209447274
MSTRG.22371	1697.55237716301	0.816042512620387	0.215937326175441	3.77907111787326	0.000157414465395244	0.0119026432622826
MSTRG.4537	983.520198098721	-0.453725423228484	0.120095217570334	-3.77804738946212	0.00015806280590498	0.0119209424155277
MSTRG.40281	44292.4984537884	-0.654313197978554	0.173344402302913	-3.77464278791748	0.000160237106676637	0.0120539390658441
MSTRG.2886|LOC111104049	1.74183181189041	18.8756780096744	5.00745588282478	3.76951459011683	0.000163565347540142	0.0122445867525311
MSTRG.14220|LOC111125117	3.16022312497371	15.0612112650798	3.99559673351522	3.76945229200579	0.000163606176528468	0.0122445867525311
MSTRG.3213|LOC111128699	13.2942676840492	-4.24145913260884	1.12579624986549	-3.76751932964389	0.000164877777936135	0.0123083568679144
MSTRG.17587	168.676527803771	1.03452480920913	0.274655775004058	3.76662318203157	0.000165470459100987	0.0123212495662557
MSTRG.9716	2889.85125321673	-0.401941597471992	0.106758366824282	-3.76496577672048	0.000166571895029942	0.0123718639402239
MSTRG.15919	43.7642973841876	-1.85082198236625	0.492324680027739	-3.75935243031483	0.00017035372376434	0.0125835545386578
MSTRG.16599	1176.36834122478	0.425817434326387	0.113254133336825	3.75984012044821	0.000170021980220813	0.0125835545386578
MSTRG.16075|LOC111124498	1.41830348233712	-18.5003164379294	4.92237304074459	-3.75841413984563	0.000170993694341585	0.0125835545386578
MSTRG.549	131.347015483209	-1.33912663357849	0.356320953515009	-3.75820344093822	0.000171137714258793	0.0125835545386578
MSTRG.15421	1074.30057043637	-0.792350122355369	0.210992373015135	-3.75534959407528	0.000173099688703139	0.0126959966679317
MSTRG.11188	326.771482011163	-1.40130282145552	0.373485590089568	-3.7519595364294	0.000175457787789992	0.012836859297214
MSTRG.13492	7966.49986342989	-1.68272473246141	0.449601616852259	-3.74270169276184	0.000182052303108043	0.013286195195482
MSTRG.3563	358.767647618587	-1.92403915830832	0.514165419461689	-3.74206254540166	0.000182516072404887	0.0132869889136838
MSTRG.5984	69.2127470761138	-1.4227226902693	0.38036837551352	-3.74038111961474	0.000183741435462326	0.0133430847366181
MSTRG.1269	139.147816836228	1.01610049338686	0.271739788612025	3.73924075887757	0.000184576886402156	0.0133706585018925
MSTRG.40544	1758.91875752632	-1.09933280813983	0.294366266667155	-3.73457468678932	0.000188032685251898	0.013587445615567
MSTRG.8933	3306.55508597948	-0.544682281670393	0.145908914887329	-3.73302948686169	0.000189190436456656	0.0136375160313646
MSTRG.6731	488.956621413032	0.911682626387316	0.244321990380787	3.73148002341671	0.000190358107434421	0.0136880543037036
MSTRG.3094	2985.78253461722	-0.888386798338373	0.238159903415699	-3.73021144868256	0.000191319140804019	0.0136900511046544
MSTRG.37584	201.47829366993	-1.48490375096096	0.398053212714637	-3.73041518955276	0.000191164486216658	0.0136900511046544
MSTRG.21156	22495.8994605933	-0.685332412923583	0.184049348649333	-3.72363400334189	0.000196375552510573	0.0138524105976412
MSTRG.20874	780.73377545056	0.568955575491856	0.152759157946404	3.72452678543486	0.000195681935815013	0.0138524105976412
MSTRG.22056|LOC111138345	24.5378675792541	-2.76715938452685	0.74287252563428	-3.72494511378543	0.000195357722485067	0.0138524105976412
MSTRG.4894	1858.04026355668	1.06739064880203	0.28670410492884	3.72296953706664	0.000196893285814179	0.0138524105976412
MSTRG.26852	173.488157199156	-1.35725679723736	0.36424290361859	-3.72624087869281	0.000194356677516022	0.0138524105976412
MSTRG.17147	1140.20439282663	-1.07699317606475	0.289124077588123	-3.72502070754203	0.000195299189597197	0.0138524105976412
MSTRG.22855	5602.73326609613	-0.729733162648801	0.195977433695472	-3.72355708965313	0.000196435415946525	0.0138524105976412
MSTRG.25033	1310.26131333305	-0.654260848053546	0.175990726363653	-3.7175870659323	0.000201134678561224	0.0141169598077253
MSTRG.20846	591.235897471883	-0.736207405479978	0.198476186791712	-3.70929841700646	0.000207834353573835	0.01455237294785
MSTRG.36239	201.921168915712	0.755608615121604	0.204126750414981	3.70166386123075	0.000214190258953343	0.014961699564698
gene27323|LOC111102694	6.83133402347165	6.53590734484065	1.76612695834571	3.70070074178736	0.000215004915524494	0.0149829316191392
MSTRG.229	2899.51846674478	-0.507607858958907	0.137445374138106	-3.69316073488845	0.000221483931139685	0.0153978568051566
MSTRG.20877	4371.00881141504	-0.677488751140699	0.183592715009444	-3.69017229853509	0.000224102212366263	0.0155430513153698
MSTRG.32362	863.112674809426	-0.517196665508927	0.140254296569311	-3.68756379062754	0.000226411345415112	0.0155561031657812
MSTRG.12950	1752.00005905687	-1.02051865727658	0.276741923921098	-3.68761856829303	0.000226362625780612	0.0155561031657812
MSTRG.5922	35.2053807944867	-2.50548256330044	0.67924866453189	-3.68860874393785	0.000225483651517643	0.0155561031657812
MSTRG.19191	740.182783013587	-2.00584569895496	0.543723746541464	-3.68908974771438	0.000225057823823698	0.0155561031657812
MSTRG.1989	2376.63004983448	-2.4019176753013	0.651672089812697	-3.68577650147892	0.000228006382918706	0.0156290917338061
MSTRG.22317|LOC111133348	11.6743281674468	-4.35300951198273	1.18126664702669	-3.6850354853745	0.000228670778617851	0.0156380962776003
MSTRG.4903	1785.34711606731	-0.500809428039128	0.136070061295106	-3.68052621768856	0.000232753125072105	0.0157702336798278
MSTRG.35525|LOC111110409	1.67076195541546	18.4316421336779	5.00717140863412	3.68104876575531	0.000232276570252488	0.0157702336798278
MSTRG.4548	1840.06427479919	-0.506952661883658	0.13772737847627	-3.68084158351279	0.000232465407225099	0.0157702336798278
MSTRG.6285	137.818638127385	1.33973813305416	0.363868390931939	3.6819305178524	0.000231474503137336	0.0157702336798278
MSTRG.28797	132.083425557839	0.980595110536653	0.266487837167835	3.67969930995039	0.000233509125871232	0.0157850016931111
MSTRG.27748	2390.39987031167	-1.25797460263624	0.342246548144134	-3.67563854027961	0.000237255246106486	0.0160013664603956
MSTRG.9386	5818.91580393217	-0.669657265044509	0.182226132250929	-3.67486955231194	0.0002379709692383	0.016012826365856
MSTRG.21242	1131.69671881052	-0.387053825525979	0.105389196049345	-3.67261389245966	0.000240082092171472	0.0161179140048664
MSTRG.33372	86.3578973216402	-2.16951861080992	0.591395522632313	-3.66847317536891	0.000244003288930574	0.0163203741569863
MSTRG.11615	1298.08538791854	0.386699867526826	0.105417899877224	3.66825622571877	0.00024421038431103	0.0163203741569863
MSTRG.34320|LOC111104695	4.32191749789253	13.9199963922507	3.79770800737739	3.66536773369882	0.000246983434260249	0.0163936651455366
MSTRG.24229	320.940282438752	-1.07859061468242	0.294264458656492	-3.66537848167897	0.000246973061307092	0.0163936651455366
MSTRG.24344	208.823231446848	0.947368196236985	0.258438471899017	3.66573981526699	0.000246624573355742	0.0163936651455366
MSTRG.33921	3255.91119467933	-0.495293484731358	0.135174663335297	-3.66410000595153	0.000248209798283652	0.0164378759865594
MSTRG.5683	437.079439456384	-0.621510823798599	0.169746388385067	-3.66140823207804	0.000250832707829532	0.0165407868634809
MSTRG.19422	39.6508067275445	-1.69096175332245	0.461841263423864	-3.6613483619599	0.00025089134072701	0.0165407868634809
MSTRG.42149|LOC111113261	8.0736407864322	-8.79974759359948	2.40577572612444	-3.6577589082983	0.000254430199102595	0.0167364869535245
MSTRG.5272	233.501198731324	-2.67089507082002	0.730362932231421	-3.65694225836441	0.000255241848240903	0.0167523162051267
MSTRG.20084	15303.2500957657	-1.04300330641977	0.285271559317331	-3.65617697367285	0.00025600464988257	0.0167648759336046
MSTRG.4693	245.27754290699	-0.64191838895303	0.175639979552974	-3.65473960192204	0.000257443139399552	0.0168215296741739
MSTRG.28539	422.459561861422	-1.68232374383385	0.460413778094026	-3.65393874787624	0.000258247900585004	0.0168366153496952
MSTRG.28682	54.8223929131064	-1.23781992763021	0.339112472696963	-3.65017516986569	0.000262061529838952	0.017047363996486
MSTRG.4324	930.130078917757	-1.38116571223706	0.378733248241677	-3.6468034392262	0.000265522880269883	0.0172343147375173
MSTRG.19379	1231.16819714292	-2.85794641691901	0.784181840452649	-3.6444945157992	0.000267917848078863	0.0173513771014077
MSTRG.9040	2472.43223188323	-0.815833390156894	0.224243672260358	-3.63815568097579	0.000274597428566656	0.0177448003508559
MSTRG.18772	794.642427313333	0.59568925635574	0.163809669116032	3.63647188575781	0.000276397794419203	0.0177882492978775
MSTRG.23879	2403.18824123699	-1.04938598141552	0.288578816307974	-3.63639297867105	0.000276482435061426	0.0177882492978775
MSTRG.1049	17246.3951128154	-1.59312975305522	0.438315505412927	-3.63466437618803	0.000278342747281616	0.0178687516843502
MSTRG.22728|LOC111136113	24.279140684026	-3.57416432419247	0.984467631019089	-3.63055545106406	0.00028281193458481	0.0181160186394087
MSTRG.41429	5046.70325390136	-0.759126447709339	0.209128866866355	-3.62994577976871	0.000283480760828813	0.0181192996975942
MSTRG.18712	79143.7075913092	-0.786766128916137	0.216835835111966	-3.62839531809804	0.000285188343021229	0.0181493614046786
MSTRG.6071	163.925179991035	0.716405904723158	0.197416265031108	3.62891023498124	0.000284620179611692	0.0181493614046786
MSTRG.8881	1204.34766850916	-1.05398980288399	0.290788010462849	-3.62459855620027	0.000289410642073126	0.0183782022016047
MSTRG.7242	161.215565431088	-2.0819021068725	0.574714976112617	-3.62249496429436	0.00029177514286031	0.018488335078263
MSTRG.7915	1021.74986348316	-1.07752450032211	0.297761892658136	-3.61874547042603	0.00029603462037109	0.0187178096819979
MSTRG.20254|LOC111130794	3.4106899975358	13.8744695837213	3.83681623676187	3.61614128161396	0.000299027213510791	0.0188663664300636
MSTRG.38945	1575.40277972987	-1.11279000929533	0.307870763840753	-3.61447120023037	0.00030096126704887	0.0189070699200851
MSTRG.17636	2213.53279129411	-0.92676914041987	0.256392502802799	-3.6146499226332	0.000300753737507803	0.0189070699200851
MSTRG.40167|LOC111112499	2.51964002384302	-17.7817382481509	4.92074385920532	-3.61362809301409	0.000301942079238704	0.0189133804310955
MSTRG.26213	2659.84220036014	-0.69240017909836	0.191626637986434	-3.61327728949343	0.000302351060814773	0.0189133804310955
MSTRG.36838|LOC111107996	2.56028028468231	-17.7989560212364	4.93377812554331	-3.60757123006548	0.000309076701925836	0.0192929623002132
MSTRG.14279	197.17343948864	-1.13381481316227	0.314456515492343	-3.60563307580718	0.000311392865923424	0.0193962715508735
MSTRG.5400|LOC111121335	7.11875878440352	-6.26456366533706	1.73980327430456	-3.60073104692893	0.000317323698575518	0.0197238192135774
MSTRG.8818	1214.18911840151	-0.580121816424326	0.161187337982593	-3.59905327357026	0.000319377764237555	0.0198095239898549
MSTRG.23355	219.273019706398	-0.828283011582152	0.230586869939688	-3.59206494194053	0.000328068063685752	0.0203056136126848
MSTRG.41997	203.706266519089	-1.07123620614999	0.298329725780981	-3.5907793075117	0.000329690713697061	0.0203630866493566
MSTRG.19002	111.708257473927	-1.52665324624979	0.425987203275575	-3.58380072103289	0.000338630481113402	0.0208713047371953
MSTRG.16686	283.086672289751	0.754596736203497	0.210621521053214	3.58271430398058	0.000340042446298042	0.0209143926404444
MSTRG.36336	12335.9458245036	-0.990832407724807	0.276662008610055	-3.58138225303406	0.000341781167124704	0.0209773553998004
MSTRG.22134	16571.5153396106	-1.14582857749632	0.32023218066945	-3.5781181488411	0.000346077014283947	0.0211966752506523
MSTRG.5654	359.889003846205	0.729835686691892	0.204040290878293	3.57691945816344	0.000347667237028234	0.0212497112498632
MSTRG.15542	445.078525870379	-1.20389494502758	0.336716743886612	-3.57539376014215	0.000349701165330452	0.0213295899968083
MSTRG.25330	141.764298057718	-2.05504925007577	0.574910065582023	-3.57455778408627	0.000350820330559472	0.0213534582115224
MSTRG.19829	96.9271382013387	1.27932706732855	0.358143801823162	3.57210444747619	0.000354124113726036	0.0215099239099264
MSTRG.39956	4991.16662677156	-1.38659859642709	0.388250589117791	-3.57140113960371	0.000355076575426267	0.0215232160534211
MSTRG.12461	663.734407871742	-1.5222420026618	0.426452149661244	-3.56954937118033	0.000357595822098515	0.0216312293375799
MSTRG.11489|LOC111124848	36.424176840546	-2.1652912236284	0.607146647623076	-3.56633975021574	0.000362001999970049	0.0218474430520765
gene12724|LOC111125494	1.89616438976181	-17.5257403900231	4.91486515882572	-3.5658639298683	0.000362659512112661	0.0218474430520765
MSTRG.4557	65.9023112726914	-1.64449171875349	0.461482076090264	-3.56350073806948	0.000365941665547058	0.021950963211177
MSTRG.14155	10991.0009523468	-0.54002038940201	0.151578901217204	-3.56263559813111	0.000367150157060979	0.021950963211177
MSTRG.17275	52.8852041652908	-1.84241028105917	0.517170996358124	-3.5624779696334	0.000367370745677549	0.021950963211177
MSTRG.3166|LOC111136603	6.08501222713132	-12.5853470144861	3.53189145437925	-3.56334479047517	0.000366159229546296	0.021950963211177
MSTRG.480	1545.99392124546	-0.793554441266789	0.222910254438597	-3.55997279382848	0.000370893216864895	0.0221163926755738
MSTRG.25221	3308.44753149977	-0.742748207497144	0.2088051025194	-3.55713628898573	0.000374919667408026	0.0222659781425439
MSTRG.21319	342.971726435331	0.552841162439998	0.1554066625532	3.55738392007965	0.000374566531022131	0.0222659781425439
MSTRG.26234	1315.91689941013	-0.498204673227072	0.140108204955204	-3.55585651380203	0.000376749667138345	0.0223294580495046
MSTRG.28481	232.929760545263	0.602783979033504	0.169671111029711	3.55266123605421	0.000381355229656715	0.0225568542896546
MSTRG.22930	752.086938067997	-0.898562190490928	0.25306900359951	-3.55066079887417	0.000384265318520505	0.0226387655297907
MSTRG.34183	86.4310749792963	-2.36753939436016	0.666790709895178	-3.5506484406964	0.000384283360618847	0.0226387655297907
MSTRG.11387	1170.98170986093	-0.608706769844338	0.171506331623518	-3.54917957886557	0.000386433447104157	0.0226743689422835
MSTRG.23015	635.93815466717	-0.700662708508104	0.197410502303282	-3.54926764449277	0.000386304222487133	0.0226743689422835
MSTRG.2810	627.577898962282	-0.983623405368374	0.27769791370778	-3.54206264006519	0.000397011184114035	0.0232485311767217
MSTRG.3254	228.551965188906	1.07997749212698	0.305332210938745	3.53705719028656	0.000404612041382048	0.0235994196223987
MSTRG.23791	694.232638074378	0.799597832899531	0.226054364792342	3.5371926290123	0.0004044045983098	0.0235994196223987
MSTRG.22007	924.845092839013	-0.732418008523451	0.207103942012008	-3.53647545965583	0.000405504172911875	0.0236045266366837
MSTRG.23553	2739.53422048832	-0.817987130804052	0.231346006190527	-3.53577372816365	0.000406582780730389	0.0236204467743924
MSTRG.13344	6173.46608186217	0.436320222459909	0.123453145219348	3.53429814756577	0.000408859594432209	0.0236639689474497
MSTRG.19996	2249.32875158223	-0.6176827156828	0.174770874508126	-3.53424286181095	0.00040894513110495	0.0236639689474497
MSTRG.38415	164.579997021866	1.1402681915258	0.322715557361623	3.53335364693327	0.00041032319961449	0.0236969725005707
MSTRG.3097	284.527063155508	1.10301838962836	0.312760539869923	3.5267185242969	0.000420743800676743	0.0242510444484367
MSTRG.19579|LOC111131500	7.44287723952636	-5.0208902418766	1.42537905158879	-3.5224947611515	0.00042750549092629	0.0245443367765078
MSTRG.43537	4705.48423640331	-0.900970289086402	0.25574789718565	-3.52288444597603	0.000426877433725009	0.0245443367765078
MSTRG.19521	33.6473834128044	2.6481834802371	0.753030239148396	3.516702706696	0.000436942879210857	0.0250371683404065
MSTRG.36462	7930.91612472275	-0.49535781720964	0.140903399102838	-3.51558458038407	0.00043878696898034	0.0250938247484312
MSTRG.19995	210.219911830783	-1.44488097390632	0.411303389162135	-3.51293233165348	0.000443190333282686	0.0252963385172129
MSTRG.5812	129.407515837991	0.804837866149795	0.229175621876631	3.51188254474576	0.000444944595956055	0.0253471544779782
MSTRG.32270	588.836052851757	0.57976396847661	0.16557794324677	3.50145651714345	0.000462722473068052	0.0262085769951627
MSTRG.16763	18035.3203531224	-0.565764967547597	0.161576071354138	-3.50153932327992	0.000462578701995949	0.0262085769951627
MSTRG.1010	1178.76706853648	-1.26935385693502	0.36252307218584	-3.50144295446198	0.00046274602506968	0.0262085769951627
MSTRG.29159	5102.58924155478	-0.593666135068528	0.169661339517925	-3.49912441311243	0.000466788720973774	0.026386604038398
MSTRG.7378|LOC111118384	62.7995412984932	-1.84559842530349	0.527531175166856	-3.49855802307747	0.000467781295491394	0.0263918608598587
MSTRG.25641	403.398718366148	-2.39163202324339	0.683890641590623	-3.4970971640741	0.000470350485324912	0.0264437538237277
MSTRG.1651	1667.99704785108	0.519553508914996	0.148570771264598	3.49701024294809	0.000470503766309424	0.0264437538237277
MSTRG.31748	195.221831588368	0.72570286272017	0.207668313005736	3.49452861737326	0.000474899694363877	0.0266397843847943
MSTRG.4321	685.661533302944	-1.08648523329091	0.311144398765512	-3.49190034466834	0.000479597146719428	0.0268519486459057
MSTRG.4759|LOC111102334	358.048687082335	-1.03833281379378	0.297678641649299	-3.48809981139683	0.000486466443733402	0.0271329895936322
MSTRG.7709	18148.1541195044	-0.600938938598494	0.172278399887386	-3.48818504810418	0.000486311381382005	0.0271329895936322
MSTRG.19312	1561.00821066496	0.472465496933266	0.13559195623754	3.48446552467733	0.000493120984942113	0.0273999686671055
MSTRG.3453|LOC111110454	13.0558675002459	7.17657143909379	2.05957743651597	3.48448730883062	0.000493080845527111	0.0273999686671055
MSTRG.13341	313.678350880562	0.707522103779904	0.203082713257602	3.48391102536848	0.00049414373014	0.02740489367646
MSTRG.1751|LOC111124007	2.30403798567173	17.1991624918121	4.93806101791995	3.48297893229698	0.000495867385529136	0.0274485987861392
MSTRG.26167	8302.31488592274	-1.54851147075707	0.444917993536945	-3.48044244838681	0.000500586357990276	0.0276576319599222
MSTRG.7931	1087.5180031424	-1.26162741155639	0.362675587105256	-3.47866648986836	0.000503915304937091	0.0277892240906849
MSTRG.21602|LOC111138329	125.34753666995	-2.57277528915011	0.740073094307318	-3.47637998049116	0.00050823164908739	0.0279561576466393
MSTRG.30188	6.16090926154031	-6.45562113551726	1.85716894589713	-3.47605485746413	0.000508848189491628	0.0279561576466393
MSTRG.30032	234.316461419289	-1.00302246869584	0.289032454270438	-3.47027627477899	0.000519923277206854	0.0285112319751302
MSTRG.21144|LOC111137686	19.8981526227889	-2.97040935043107	0.856352077246599	-3.46867769618979	0.000523026510847768	0.0286278951030817
MSTRG.31576	676.220092930324	0.748808661899959	0.215986840156515	3.46691799073191	0.000526462486262542	0.0286777272711675
MSTRG.12943	54.5344372594177	1.46375973824029	0.42223307240541	3.4667102932071	0.000526869418472947	0.0286777272711675
MSTRG.40721	173.148224404802	-1.69985999919011	0.490223885820611	-3.46751769621472	0.000525289154105778	0.0286777272711675
MSTRG.39150	3375.15922906464	-0.418362459852326	0.120756301178035	-3.46451866917917	0.000531181268695811	0.0288588815944402
MSTRG.5549	2304.95259291818	-0.762098594566323	0.220090404470417	-3.46266161125965	0.00053486059861518	0.0290050651426472
MSTRG.6773	176.480594216743	-1.56560049284637	0.452452155123995	-3.46025646052523	0.000539661145384559	0.0292113997846719
MSTRG.17207	6783.3445932719	-0.791666062321555	0.228855046546209	-3.45924669029183	0.000541688530260109	0.0292671419903703
MSTRG.6436	2528.23104163181	-0.354710948558907	0.10257196143206	-3.45816677000814	0.000543864611283825	0.0293306984666266
MSTRG.18024	5432.31247200623	-0.653379408126745	0.189156571043635	-3.4541724060753	0.000551984378149129	0.0297139774057599
MSTRG.43233	422.03705679939	-0.811794034688175	0.235061844289278	-3.45353384400891	0.000553292872342893	0.0297298649977945
MSTRG.7343	5172.60208063366	-0.49563427179648	0.14362460931412	-3.45090074857912	0.000558718996378634	0.0299118575105043
MSTRG.33186	40.0061140083214	-2.77850499256977	0.805146144364806	-3.45093249469856	0.000558653281743508	0.0299118575105043
MSTRG.4703	2614.53644447114	-0.864581155445732	0.250700529368943	-3.44866106833532	0.000563373359819187	0.0301060976873867
MSTRG.4607	4044.27942719867	-0.669112824290784	0.194067731121796	-3.44783143711228	0.000565106594018247	0.0301438131914679
MSTRG.11199	22633.0182426345	-0.61231887768863	0.177759478833454	-3.44464825002285	0.000571802972887028	0.0304456544801445
MSTRG.4609|LOC111102276	118.563527053784	-6.95573023728993	2.02005764694157	-3.44333254440592	0.000574592306988982	0.0305387483739905
MSTRG.14325	1060.67334564838	-0.839454195224737	0.24400002032872	-3.44038575936925	0.000580885605872306	0.030805532536564
MSTRG.34156	848.801703215833	-0.734686935295755	0.213571718750159	-3.44000104318685	0.000581711944415313	0.030805532536564
MSTRG.39920|LOC111114464	7.98837961280397	-16.9692245566213	4.93650129936033	-3.43750027146152	0.000587110131001702	0.0310353820240143
MSTRG.36352	94.6208845213404	-1.35416241211455	0.394130272257716	-3.43582441500226	0.000590753706627492	0.0311158568133525
MSTRG.2263	16.6374590529707	-4.48328739894913	1.30473891301999	-3.43615673159618	0.000590029529164597	0.0311158568133525
MSTRG.3763	166.847464632078	-2.15175820607378	0.626471719953581	-3.43472520392975	0.000593154983623492	0.0311863457160323
MSTRG.6543	2892.10171786799	-0.568665756182885	0.165685355822801	-3.43220288455105	0.000598699492139393	0.0314215486590081
MSTRG.22630	100.279723541081	-1.77202845349802	0.516952292883344	-3.42783749659834	0.000608409530991591	0.031874140750413
MSTRG.25323	1820.87937401937	-0.850799487809991	0.248526636029979	-3.42337345163824	0.000618490422521879	0.0323445133974098
MSTRG.20395	95.6205024216157	0.925861623852981	0.270559475774339	3.42202623361527	0.000621563161603473	0.0324473666105386
MSTRG.28330|LOC111132667	10.1853032553697	-4.88411939537335	1.42777609144382	-3.42078805258208	0.000624399728792298	0.032537547501436
MSTRG.11724	799.067602562993	-1.08379121156144	0.317118070403889	-3.4176267854465	0.000631696643605069	0.032796972190606
MSTRG.42955|LOC111112669	3.13232674683966	-17.041679377205	4.98845972573376	-3.41622070020789	0.000634967625750364	0.032796972190606
MSTRG.19751	32.662258979924	1.92850637111505	0.564487069073182	3.41638715352935	0.000634579584132341	0.032796972190606
MSTRG.19128|LOC111131669	56.2597790818341	-2.29467686301465	0.671657330289221	-3.41643984146877	0.000634456802195529	0.032796972190606
MSTRG.1663	2012.08803599157	-0.456142318535217	0.133516020178891	-3.41638642257354	0.000634581287678949	0.032796972190606
MSTRG.14851	183.135213879148	-1.45455779246698	0.426184905480216	-3.41297350929877	0.000642581881163093	0.0330738021571278
MSTRG.13754	8889.47554182763	-1.32227770374559	0.387395764498346	-3.41324770408335	0.000641935660713113	0.0330738021571278
MSTRG.22697	3.62463895774025	-16.2232658116298	4.75845235112119	-3.40935762607926	0.000651160565851341	0.0333402612615987
MSTRG.1984	21.6562019861445	-3.75692543629646	1.10189086801216	-3.40952588442271	0.000650759021514809	0.0333402612615987
MSTRG.28853	5538.05503236197	-0.848555171336882	0.248892761988127	-3.40932040192218	0.000651249431494812	0.0333402612615987
MSTRG.35848	289.277954775756	0.734581771673621	0.215490726838023	3.40887880630604	0.000652304518513792	0.0333402612615987
MSTRG.37219	48.8852592121647	-1.43494948248593	0.421452222021461	-3.40477379761652	0.000662188807320079	0.033786600398533
MSTRG.22853|LOC111132804	32.483434504258	-1.784133743366	0.524201224132173	-3.40352838038422	0.000665215023011995	0.033882080460288
MSTRG.5890	16.2753847998271	4.45959869325148	1.312112288234	3.39879348226648	0.000676838026192859	0.0342363345042174
MSTRG.25160|LOC111135807	41.8286831561526	3.93414519302985	1.15740508074276	3.39910827979528	0.000676059455268855	0.0342363345042174
MSTRG.935|LOC111110056	2.46513488734193	-13.6128207109969	4.00383810694318	-3.39994284169244	0.000673999408166544	0.0342363345042174
MSTRG.14283	183.877043364667	-1.02549882349597	0.301698836464501	-3.39908113505976	0.000676126557992626	0.0342363345042174
MSTRG.40548	7506.63098358605	-0.427027087621735	0.125720678865608	-3.39663364432048	0.000682202350591865	0.0343890937485638
MSTRG.9517	1550.65194946394	-0.680808567255437	0.200425103758431	-3.3968228255279	0.000681730912441927	0.0343890937485638
MSTRG.37560	4857.95616580802	-0.497749811153486	0.146616783118225	-3.39490337031963	0.000686528263262994	0.0344886407322084
MSTRG.36491	5703.90905249303	-0.399296509213076	0.117600316528468	-3.39536934083351	0.000685360773825621	0.0344886407322084
MSTRG.38948	914.499038290037	0.786159003341079	0.231728346433601	3.39258884569111	0.000692354750424387	0.0347160435949047
MSTRG.6786	7.07063504522113	-4.62557166491147	1.36360374534917	-3.39216702849921	0.000693421553841917	0.0347160435949047
MSTRG.12732	988.97276405353	-0.408375019365026	0.120481016526434	-3.38953829523364	0.000700104294247607	0.034990902529193
MSTRG.43095	9.0632298491987	-6.44873378833498	1.9036962671905	-3.38748039772758	0.000705377575586986	0.0351945022322636
MSTRG.42467|LOC111114285	12.7109654250213	-7.81869072762384	2.30856892349337	-3.3868127774121	0.000707096239958461	0.0352203556670651
MSTRG.19533	88.4518055854577	-1.3375460831144	0.395309366071982	-3.3835426071611	0.000715571036370368	0.0355820729915828
MSTRG.13929|LOC111125790	13.5147185991384	16.5293473003071	4.89273359078024	3.3783460704778	0.000729232455426786	0.0362000368482421
MSTRG.41168	4090.03742761195	0.499271512575434	0.147847357541366	3.37693903278415	0.000732972945915317	0.0362630021707649
MSTRG.39052	2.87011260480963	12.855584733789	3.80670905356544	3.37708623193785	0.000732580796380618	0.0362630021707649
MSTRG.5083	44.9545146493988	-2.85606226112431	0.84606470227141	-3.37570194508376	0.00073627635356241	0.0363651105400909
MSTRG.26210	2493.02337958456	-0.610320399903337	0.181010402116831	-3.3717421361752	0.000746943475279955	0.0368299624836358
MSTRG.37813	247.400199254906	-1.38703292826057	0.411491022099052	-3.37074894413296	0.00074964140543221	0.0368391617295983
MSTRG.25803	46.1002975789744	1.53388692149285	0.455053992412755	3.37078005482378	0.000749556758506712	0.0368391617295983
MSTRG.38237	5917.10309145218	-1.33799931761596	0.397277400879095	-3.36792204805819	0.000757370068138469	0.036853101106902
MSTRG.27687	2161.15808212413	-0.644754045055182	0.191467593345869	-3.36743170887666	0.000758718149450161	0.036853101106902
MSTRG.16735	998.567508466996	-1.02290428441857	0.303580460673785	-3.36946680345722	0.000753137624713188	0.036853101106902
MSTRG.12007	506.785634762641	-1.12107186407033	0.332662713631669	-3.36999554843889	0.000751693980084326	0.036853101106902
MSTRG.24124|LOC111136570	8.46063343602152	-7.76068660587443	2.30355243553272	-3.3690080096135	0.000754392365935908	0.036853101106902
MSTRG.35948	116.533349060715	-2.06015531677694	0.611711738449914	-3.36785316887559	0.000757559302158395	0.036853101106902
MSTRG.24986	2603.28482303602	-0.427294336498697	0.126874760196587	-3.36784350044582	0.000757585868063715	0.036853101106902
MSTRG.8865|LOC111118351	4.85787120806524	16.3480271320892	4.85808866806446	3.36511501726099	0.000765117574814812	0.0371025114213503
MSTRG.9008	9938.45753824703	-1.04467347318139	0.310535276880891	-3.36410562971913	0.000767921462190374	0.0371770294682198
MSTRG.34755	1752.62333832398	-0.659303465613888	0.19607323384883	-3.36253680664135	0.00077229829728365	0.0373273269286783
MSTRG.38654	1000.84012586266	-0.611944265191401	0.18206294356302	-3.36116868823215	0.000776134082461887	0.0374510225514257
MSTRG.21409	46.9874823837255	-1.95346335419778	0.581657546588052	-3.35844237843489	0.000783830611660979	0.0376528633591575
MSTRG.39278	577.888150440685	-1.45491080494338	0.433133113868814	-3.35903849961479	0.000782141700395707	0.0376528633591575
MSTRG.4569	3635.86731142182	-0.495374411354809	0.147506451680382	-3.35832369168632	0.00078416727494871	0.0376528633591575
MSTRG.2191	426.476176685895	0.827977998599907	0.246603851351649	3.35752257745252	0.000786443204548356	0.0377004423775158
MSTRG.5402|LOC111120887	7.82975326325369	-5.363292664212	1.59778451660314	-3.35670586895802	0.00078876974693287	0.0377502884755572
MSTRG.25986	653.215549314454	-0.977248049348346	0.291310308654583	-3.35466346474921	0.000794615898340484	0.0379681453184253
MSTRG.6637	25217.5413927284	-0.451871843202049	0.134799763850743	-3.35217088141477	0.00080180511966885	0.0382493635786093
MSTRG.14725	533.810264161858	0.64423093648193	0.192250843239595	3.3509914735669	0.000805227816589008	0.0383502819530654
MSTRG.29991	538.640121723521	0.558800108082144	0.166994870179897	3.3462112188247	0.000819239646983721	0.0388285181958133
MSTRG.671	1576.79190724674	-0.50476170713673	0.150827629848418	-3.34661300216689	0.000818053293025792	0.0388285181958133
MSTRG.33240	666.212616139324	-0.803831933919885	0.240197415064376	-3.34654697971853	0.000818248129365214	0.0388285181958133
MSTRG.32822	296.856263824187	-1.30200510496407	0.389211004690843	-3.34524227031627	0.000822107250855186	0.0388832695624836
MSTRG.26475	227.124818554112	-1.98089305940594	0.592208352654747	-3.34492590407752	0.000823045551786157	0.0388832695624836
MSTRG.5096	8914.38528135006	-1.4740422148762	0.441089505365703	-3.34182109740763	0.00083230686895195	0.0392575866902127
MSTRG.33835	4573.91365667208	-0.622056098741819	0.186335235090056	-3.3383707511957	0.000842712250717132	0.0396845778676392
MSTRG.37549	68.0154347272226	-3.33126391593206	0.998174694913393	-3.33735560809934	0.000845796562794411	0.0397659928834334
MSTRG.16700|LOC111130391	5.73319566429244	-4.74824420180645	1.42381857035102	-3.33486604310538	0.00085340499258769	0.0400595130760602
MSTRG.42478|LOC111111726	34.9250401016165	-5.10684859804427	1.53159035160644	-3.33434367269802	0.000855009458461236	0.0400707148439868
MSTRG.7410	1684.38248273141	-0.539121379310052	0.161875927964319	-3.33046047111394	0.000867024729829932	0.0405690135944985
MSTRG.32654	1105.61369856446	0.360850879086137	0.108396898753181	3.32897788808325	0.000871653243524188	0.0407206414944469
MSTRG.18136	2222.36572144913	-0.471937851267602	0.141800543133069	-3.32818084360033	0.000874151015455396	0.0407724045968687
MSTRG.22718|LOC111133838	22.0397099249672	-6.05922388605308	1.82108907442403	-3.32725289012536	0.000877067388781063	0.0407787687037382
MSTRG.21590|LOC111138446	55.7700251023427	-1.85104901981651	0.556321497631417	-3.32730090010453	0.000876916281954487	0.0407787687037382
MSTRG.20797	38.83778978599	-1.74353350770501	0.524247234951305	-3.32578484246456	0.000881699600015272	0.0409292766855191
MSTRG.5636	13.9643992177008	-6.96003259820987	2.0943301009937	-3.323273916995	0.000889675066711937	0.0411409397829031
gene3623|LOC111119787	2.01800904484078	-16.5204915797743	4.97152042599188	-3.32302598887105	0.000890466179090035	0.0411409397829031
MSTRG.15070	3319.7166810529	-0.433363918797774	0.130379797014042	-3.32385790377554	0.000887814200738902	0.0411409397829031
MSTRG.24387	17278.0553831174	-1.12206069024019	0.337812188149099	-3.32155182555152	0.000895183559424281	0.0411712658260109
MSTRG.14096|LOC111125576	10.4283959007149	-5.5556829923759	1.67271875127125	-3.32134914381372	0.000895833957264215	0.0411712658260109
MSTRG.12993|LOC111124244	2.89073376629655	-16.4146166603181	4.94257125549686	-3.32106828850725	0.000896735935061045	0.0411712658260109
MSTRG.2439	48966.0122332293	-1.06884428974948	0.321828464014096	-3.32116145482602	0.000896436634525459	0.0411712658260109
MSTRG.11286|LOC111125036	54.7803760433829	3.29390866370713	0.992581054933646	3.31852864542869	0.00090493040262849	0.0414825752379916
MSTRG.6534	85102.3847242929	0.642325245622531	0.193803785518682	3.31430701368118	0.000918705734739574	0.0419869519815435
MSTRG.28184|LOC111135036	6.80386127660136	-7.26365669374612	2.19191234985705	-3.3138445039647	0.000920226672715674	0.0419869519815435
MSTRG.1802	100.628836477287	-1.51740447446622	0.457855263607773	-3.31415754076843	0.000919197013316204	0.0419869519815435
MSTRG.18718	4446.27112262576	-1.43323244548548	0.432879768595777	-3.31092499456547	0.000929881294020805	0.0423283327544267
MSTRG.13926	7894.19763448475	-0.560564564484256	0.169340573128908	-3.31027912641782	0.000932029775268613	0.0423283327544267
MSTRG.30878	3910.47152327305	-1.08121561905975	0.326623916368417	-3.31027694199891	0.000932037049538471	0.0423283327544267
MSTRG.10409	1930.66492403045	-0.830998048219402	0.251228692798743	-3.30773543006533	0.000940536187889542	0.0425824856177521
MSTRG.627	1034.74338424556	-0.657846285152436	0.198862891606697	-3.30803942272698	0.000939515830819626	0.0425824856177521
MSTRG.21251	19356.6692106818	-2.14563911838979	0.649052131082145	-3.30580398035584	0.000947043154535844	0.0428110201352428
MSTRG.15118	4628.31112988928	-0.806743087258376	0.244132571519541	-3.3045286920832	0.000951362373510679	0.0429401066370097
MSTRG.13006|LOC111124591	2.09888489135367	16.2969608554644	4.93286646105831	3.3037506658893	0.000954006391115103	0.0429933018472118
MSTRG.3050	3805.47544870916	0.424680264019502	0.128585404033854	3.30270972207461	0.000957554544632905	0.0430870172246015
MSTRG.11754	253.507452512493	-0.762471560850784	0.230916919956593	-3.30193023964684	0.00096021948162719	0.0431407643981294
MSTRG.34129	1433.66941345155	-0.597991124934642	0.181170665508645	-3.30070612290216	0.000964418426347087	0.0432631617617291
MSTRG.22457|LOC111134376	3.23398815086429	16.2480543835909	4.92517957749825	3.29897704802961	0.000970378449843073	0.0433978093925245
MSTRG.27472	2589.2453276509	-0.643921862790641	0.195167288782631	-3.29933293026278	0.000969148963163347	0.0433978093925245
MSTRG.605	11690.0145147471	-0.729824453350485	0.221370974236589	-3.29683896394876	0.000977795469687048	0.0436629581273647
MSTRG.24706|LOC111133998	2.16602136330884	16.2652012973681	4.93491569319553	3.29594309377874	0.000980918824150033	0.0437018299506726
MSTRG.443	155.465350373012	-1.14438263363173	0.347231372232875	-3.29573513554599	0.000981645167956005	0.0437018299506726
MSTRG.33813	227.388168502583	-1.69672852178791	0.514990725595551	-3.29467782128651	0.000985345799502003	0.0437338503264595
MSTRG.27930	54.6085688844762	-1.4107492663376	0.428187602273946	-3.29469900306695	0.000985271536010976	0.0437338503264595
MSTRG.38030	109.884211446457	-2.81132684276076	0.853898540398001	-3.29234295382495	0.000993563709795384	0.0438003394303433
MSTRG.15509	164.899942126221	-0.887713088030568	0.269596971182704	-3.29274132471233	0.000992157110010147	0.0438003394303433
MSTRG.43261	589.769999512155	0.907754827415688	0.275734622121077	3.2921321973745	0.000994308612059739	0.0438003394303433
MSTRG.16764|LOC111130882	36.1493507264921	-1.73602822251286	0.527304542592287	-3.29226866504574	0.000993826218719336	0.0438003394303433
MSTRG.30010	458.275314562043	1.19533223097545	0.363019309268042	3.29275110292508	0.000992122607508493	0.0438003394303433
MSTRG.27584	1350.11944051824	0.561114452794955	0.170541393850316	3.29019506717204	0.00100117950474308	0.0440368880212182
MSTRG.5964|LOC111119195	530.66873059162	-0.888850169459554	0.270280130606396	-3.28862564726954	0.00100677835209926	0.0442168612183954
MSTRG.1242	52.9868581956281	-1.55808991766974	0.473886790474429	-3.2878948073439	0.0010093954751973	0.0442655372964701
MSTRG.43507	316.318981989317	0.658369487384912	0.20027598777344	3.28731114850216	0.00101149006713106	0.0442911874470015
MSTRG.43413	26.6767708685095	2.06730979390475	0.629188523357488	3.28567625943513	0.00101737867454768	0.0444826461309684
MSTRG.35930	764.207496959048	0.642580279400792	0.195636681509761	3.28455928838034	0.00102142005224308	0.0445928891260527
MSTRG.1218	367.86678450836	0.651224586725883	0.198345172053765	3.28328932830972	0.00102603301629551	0.0447277215929832
MSTRG.28950	29.087111223664	-8.74778957083879	2.66597643755732	-3.28127039969412	0.00103340621785233	0.0449823021058628
MSTRG.34147	735.125704953343	-0.570655145033876	0.174099452225409	-3.27775382253955	0.00104636608223532	0.0454789453638813
MSTRG.11626	11268.4352504932	-0.316516335965767	0.0965907266578589	-3.27688119675218	0.0010496052315544	0.0455522459812766
MSTRG.40649	1303.81810749376	-0.544980247486515	0.166374113126263	-3.27563127006979	0.00105426106995477	0.0456193381568333
MSTRG.19382	1994.25291281384	0.327630869146232	0.100020363941268	3.27564164172224	0.00105422235820406	0.0456193381568333
MSTRG.20798|LOC111131608	72.8857881684066	-1.90250158167046	0.581353989313746	-3.27253552334998	0.00106587477542558	0.045845453504887
MSTRG.30054|LOC111100448	581.940739770027	-1.74054077900983	0.53174820693148	-3.2732424036817	0.0010632125320136	0.045845453504887
MSTRG.17395	247.276468530566	0.842177934877669	0.257363451349196	3.27232919228684	0.0010666530186917	0.045845453504887
MSTRG.1877	1787.96016158631	-0.490648591244507	0.149946494774448	-3.27215779190137	0.00106729990946342	0.045845453504887
MSTRG.13631	1597.1945236547	0.406485567472746	0.124214062915838	3.272460121912	0.00106615911501899	0.045845453504887
MSTRG.17750	258.035628891487	0.71716967612327	0.219242894789379	3.27111935286312	0.00107122690071984	0.04589168201727
MSTRG.14800	607.926452118778	-0.533429748888557	0.163076196624602	-3.27104605043311	0.00107150460773843	0.04589168201727
MSTRG.23766	4712.54871019438	-0.455216182320113	0.139203923573118	-3.27013902076552	0.00107494641387036	0.045905062431046
MSTRG.12104	3037.6962676324	-0.463399474245492	0.141698446622309	-3.27032148405031	0.00107425321982936	0.045905062431046
MSTRG.37787	583.937354246661	-0.47851357218832	0.146483577986503	-3.26667042658127	0.00108820285343055	0.0463362776690064
MSTRG.33873	1584.24435725589	-0.653759440604142	0.200110685634841	-3.2669891591752	0.00108697842673821	0.0463362776690064
MSTRG.18901	263.454286193914	0.571485362023869	0.174979169012536	3.26601940818982	0.00109070773674231	0.0463756283776025
MSTRG.24090	659.172692871093	-0.999171057111812	0.306423317824742	-3.2607539928906	0.00111116399200695	0.0471770321237336
MSTRG.33254	4671.71107465293	-0.470442640758192	0.144367495528314	-3.25864654669393	0.00111945042554701	0.0474601684749975
MSTRG.1747	2193.69276995796	-1.39754962468817	0.429173318651673	-3.25637583687362	0.00112844272763443	0.0477723704810084
MSTRG.9397|LOC111119368	2.45163573858623	16.0781062741273	4.93822743084947	3.25584564487374	0.00113055195011356	0.0477926990092675
MSTRG.17072	2700.11744970181	-1.28027654701671	0.393407677304266	-3.25432527344029	0.00113662055563883	0.047980106275298
MSTRG.5767|LOC111118611	2.31166736584534	16.0330366849697	4.92846914769674	3.25314741849658	0.00114134268255462	0.048110217845959
MSTRG.29824	1047.61544232663	-1.45796335151815	0.448638828787475	-3.2497484791019	0.00115507119804415	0.0485493965733799
MSTRG.9020	4814.12457802823	0.613664657253879	0.188818049122172	3.25003176394867	0.00115392119027807	0.0485493965733799
MSTRG.18667	39.4154719466712	-1.79046168730359	0.551246072566	-3.24802620174535	0.00116208568861876	0.0487460904948872
MSTRG.41522	94.8757723668954	1.30195626370177	0.400875222208209	3.24778432682865	0.00116307394322793	0.0487460904948872
MSTRG.8358	57.2382945248131	-1.21880543959175	0.375536648737282	-3.24550331822448	0.0011724319812445	0.0490682018056364
MSTRG.24874	1779.62623840892	-0.688195427173857	0.212099625739149	-3.2446800637934	0.00117582650739539	0.0491401681965327
MSTRG.20737	709.544555703514	-1.31097287786515	0.40436761896997	-3.24203229033161	0.00118680574660729	0.0492482418585072
MSTRG.4684	426.754244875642	0.480517712141843	0.148202854822378	3.24229727367766	0.0011857027182852	0.0492482418585072
MSTRG.34036	2148.00547346797	-0.308449022462286	0.095109174322649	-3.24310482830922	0.00118234700429741	0.0492482418585072
MSTRG.28519	3772.27227204015	-0.919989542044306	0.283755204638992	-3.24219442323451	0.00118613073437352	0.0492482418585072
MSTRG.35073	350.014643204096	-1.60042887495419	0.493633832962791	-3.24213773060979	0.00118636672394591	0.0492482418585072
